pedestrianId simTime endTime-PID1 startX-PID1 startY-PID1 endX-PID1 endY-PID1 targetId-PID2
1 0.0 0.4 1.201 7.401 1.2130772233400458 7.3673843437974185 1
2 0.0 0.4 1.6030000000000002 7.401 1.6163143885070468 7.365931570891668 1
3 0.0 0.4 2.005 7.401 2.016866264081747 7.370104692669738 1
4 0.0 0.4 2.407 7.401 2.4183760833765326 7.370512377782883 1
5 0.0 0.4 2.809 7.401 2.8197998162414017 7.37689473469702 1
6 0.0 0.4 3.2110000000000003 7.401 3.24382178428474 7.369004778313195 1
7 0.0 0.4 3.613 7.401 3.7463137121870123 7.3646584560912425 1
8 0.0 0.4 1.201 7.803 1.2011484561076164 7.806289288702005 1
9 0.0 0.4 1.6030000000000002 7.803 1.6124818225115622 7.83361415314188 1
10 0.0 0.4 2.005 7.803 2.018183925653261 7.862248677962448 1
11 0.0 0.4 2.407 7.803 2.4194983644175077 7.8609918962060625 1
12 0.0 0.4 2.809 7.803 2.823167956034647 7.851212448301965 1
13 0.0 0.4 3.2110000000000003 7.803 3.259769284537534 7.869629662240003 1
14 0.0 0.4 3.613 7.803 3.7713932434292095 7.871062817230247 1
15 0.0 0.4 1.201 8.205 1.358997571380206 8.3000471098654 1
1 0.4 0.8 1.2130772233400458 7.3673843437974185 1.2330207139739007 7.327284043050832 1
2 0.4 0.8 1.6163143885070468 7.365931570891668 1.6342908762910833 7.329503725221086 1
3 0.4 0.8 2.016866264081747 7.370104692669738 2.0323904892456373 7.355605577467784 1
4 0.4 0.8 2.4183760833765326 7.370512377782883 2.4389292387493677 7.355780772031104 1
5 0.4 0.8 2.8197998162414017 7.37689473469702 2.8870313580853875 7.359643733171078 1
6 0.4 0.8 3.24382178428474 7.369004778313195 3.4663942789161686 7.3648006891390745 1
7 0.4 0.8 3.7463137121870123 7.3646584560912425 4.052619731120243 7.364059046298724 1
8 0.4 0.8 1.2011484561076164 7.806289288702005 1.215728590783419 7.842450642387376 1
9 0.4 0.8 1.6124818225115622 7.83361415314188 1.630369757315081 7.845510946340246 1
10 0.4 0.8 2.018183925653261 7.862248677962448 2.0456626025166313 7.91483889583171 1
11 0.4 0.8 2.4194983644175077 7.8609918962060625 2.4656532519667085 7.9191536199291335 1
12 0.4 0.8 2.823167956034647 7.851212448301965 2.9509802387999704 7.908312762112623 1
13 0.4 0.8 3.259769284537534 7.869629662240003 3.5547643126247896 7.949420905965818 1
14 0.4 0.8 3.7713932434292095 7.871062817230247 4.14519093540402 7.950722489672038 1
15 0.4 0.8 1.358997571380206 8.3000471098654 1.7505263744972026 8.415168316341605 1
1 0.8 1.2000000000000002 1.2330207139739007 7.327284043050832 1.249470489063016 7.320220149454256 1
2 0.8 1.2000000000000002 1.6342908762910833 7.329503725221086 1.6522078142526078 7.304511741014558 1
3 0.8 1.2000000000000002 2.0323904892456373 7.355605577467784 2.062511388621958 7.35440444611427 1
4 0.8 1.2000000000000002 2.4389292387493677 7.355780772031104 2.560447769928232 7.36572189335587 1
5 0.8 1.2000000000000002 2.8870313580853875 7.359643733171078 3.1479307738155478 7.371123517020113 1
6 0.8 1.2000000000000002 3.4663942789161686 7.3648006891390745 3.865649897175483 7.416808893782023 1
7 0.8 1.2000000000000002 4.052619731120243 7.364059046298724 4.4325049199103566 7.410032952704759 1
8 0.8 1.2000000000000002 1.215728590783419 7.842450642387376 1.2451897787032356 7.89442291112895 1
9 0.8 1.2000000000000002 1.630369757315081 7.845510946340246 1.6574692183710533 7.859849253537662 1
10 0.8 1.2000000000000002 2.0456626025166313 7.91483889583171 2.134722238423483 7.92649166454409 1
11 0.8 1.2000000000000002 2.4656532519667085 7.9191536199291335 2.6788162910710764 7.961921790098973 1
12 0.8 1.2000000000000002 2.9509802387999704 7.908312762112623 3.272119941395913 7.959657641772241 1
13 0.8 1.2000000000000002 3.5547643126247896 7.949420905965818 4.035649407719669 8.016339680329473 1
14 0.8 1.2000000000000002 4.14519093540402 7.950722489672038 4.618464474655697 8.009890487925942 1
15 0.8 1.2000000000000002 1.7505263744972026 8.415168316341605 2.2515177636075765 8.507736673846829 1
1 1.2000000000000002 1.6 1.249470489063016 7.320220149454256 1.2698570789324988 7.331637897315748 1
2 1.2000000000000002 1.6 1.6522078142526078 7.304511741014558 1.7187730821565288 7.29575989950801 1
3 1.2000000000000002 1.6 2.062511388621958 7.35440444611427 2.270784154187639 7.371673993391165 1
4 1.2000000000000002 1.6 2.560447769928232 7.36572189335587 2.9057960014001853 7.406665741769824 1
5 1.2000000000000002 1.6 3.1479307738155478 7.371123517020113 3.511511641282439 7.410068716545207 1
6 1.2000000000000002 1.6 3.865649897175483 7.416808893782023 4.287816517624317 7.495485147647396 1
7 1.2000000000000002 1.6 4.4325049199103566 7.410032952704759 4.844396220860695 7.47331539570302 1
8 1.2000000000000002 1.6 1.2451897787032356 7.89442291112895 1.3060681240864005 7.940143059028654 1
9 1.2000000000000002 1.6 1.6574692183710533 7.859849253537662 1.787309111077643 7.883849509494846 1
10 1.2000000000000002 1.6 2.134722238423483 7.92649166454409 2.451048946802671 7.96316947059954 1
11 1.2000000000000002 1.6 2.6788162910710764 7.961921790098973 3.0749381694156566 8.00430447758069 1
12 1.2000000000000002 1.6 3.272119941395913 7.959657641772241 3.6731554195167857 8.006417558280534 1
13 1.2000000000000002 1.6 4.035649407719669 8.016339680329473 4.558987396394661 8.08109719193303 1
14 1.2000000000000002 1.6 4.618464474655697 8.009890487925942 5.1349431509405585 8.064684990018158 1
15 1.2000000000000002 1.6 2.2515177636075765 8.507736673846829 2.8056293755692185 8.545298255862521 1
1 1.6 2.0 1.2698570789324988 7.331637897315748 1.4110664894891023 7.356588617701192 1
2 1.6 2.0 1.7187730821565288 7.29575989950801 2.026190684200758 7.3179101924321595 1
3 1.6 2.0 2.270784154187639 7.371673993391165 2.682373536533364 7.420887852687729 1
4 1.6 2.0 2.9057960014001853 7.406665741769824 3.3382739315000327 7.4586834934778965 1
5 1.6 2.0 3.511511641282439 7.410068716545207 3.920120572116619 7.460148097718984 1
6 1.6 2.0 4.287816517624317 7.495485147647396 4.7169787255102005 7.586256515514436 1
7 1.6 2.0 4.844396220860695 7.47331539570302 5.271182613490822 7.540315706707045 1
8 1.6 2.0 1.3060681240864005 7.940143059028654 1.5009075686435112 7.983121059303673 1
9 1.6 2.0 1.787309111077643 7.883849509494846 2.0396447210473867 7.917574653226835 1
10 1.6 2.0 2.451048946802671 7.96316947059954 2.918437956738539 8.008692945755586 1
11 1.6 2.0 3.0749381694156566 8.00430447758069 3.5315949654577574 8.036586614912165 1
12 1.6 2.0 3.6731554195167857 8.006417558280534 4.10965995994421 8.053160286786452 1
13 1.6 2.0 4.558987396394661 8.08109719193303 5.094550734313415 8.148147479291028 1
14 1.6 2.0 5.1349431509405585 8.064684990018158 5.670510120554091 8.12011300011677 1
15 1.6 2.0 2.8056293755692185 8.545298255862521 3.377926927035443 8.6087394134701 1
1 2.0 2.4 1.4110664894891023 7.356588617701192 1.7779882975908052 7.400728052886783 1
2 2.0 2.4 2.026190684200758 7.3179101924321595 2.4845711444669627 7.361055041785244 1
3 2.0 2.4 2.682373536533364 7.420887852687729 3.177800088532234 7.483233958310236 1
4 2.0 2.4 3.3382739315000327 7.4586834934778965 3.7702722965361195 7.504050837269015 1
5 2.0 2.4 3.920120572116619 7.460148097718984 4.349040640580093 7.514372060955642 1
6 2.0 2.4 4.7169787255102005 7.586256515514436 5.155013621901816 7.684434133353298 1
7 2.0 2.4 5.271182613490822 7.540315706707045 5.705470183998167 7.603654913967291 1
8 2.0 2.4 1.5009075686435112 7.983121059303673 1.8102474419071648 8.037782337925071 1
9 2.0 2.4 2.0396447210473867 7.917574653226835 2.342520080035628 7.957336737697706 1
10 2.0 2.4 2.918437956738539 8.008692945755586 3.415890399037673 8.060041385869125 1
11 2.0 2.4 3.5315949654577574 8.036586614912165 3.9868465123778187 8.066273996306142 1
12 2.0 2.4 4.10965995994421 8.053160286786452 4.562049712554116 8.100274618650284 1
13 2.0 2.4 5.094550734313415 8.148147479291028 5.639582287651919 8.22501385343142 1
14 2.0 2.4 5.670510120554091 8.12011300011677 6.214589564951257 8.176437582789001 1
15 2.0 2.4 3.377926927035443 8.6087394134701 3.9600313213572433 8.666466917625025 1
1 2.4 2.8 1.7779882975908052 7.400728052886783 2.2456500920050693 7.458686346593869 1
2 2.4 2.8 2.4845711444669627 7.361055041785244 3.00665650940333 7.427948628897931 1
3 2.4 2.8 3.177800088532234 7.483233958310236 3.6380490939430428 7.543326748384945 1
4 2.4 2.8 3.7702722965361195 7.504050837269015 4.20646635823114 7.546398838366346 1
5 2.4 2.8 4.349040640580093 7.514372060955642 4.78719187343059 7.569611046312746 1
6 2.4 2.8 5.155013621901816 7.684434133353298 5.601047448659539 7.791258191324338 1
7 2.4 2.8 5.705470183998167 7.603654913967291 6.142712683721551 7.668112877469361 1
8 2.4 2.8 1.8102474419071648 8.037782337925071 2.1474536735401575 8.105660007468215 1
9 2.4 2.8 2.342520080035628 7.957336737697706 2.6691232834423277 7.9909503650033065 1
10 2.4 2.8 3.415890399037673 8.060041385869125 3.8750778378243753 8.116557442948606 1
11 2.4 2.8 3.9868465123778187 8.066273996306142 4.442956583859856 8.102408824727895 1
12 2.4 2.8 4.562049712554116 8.100274618650284 5.021570719359403 8.147602087213597 1
13 2.4 2.8 5.639582287651919 8.22501385343142 6.190696323970632 8.302171032756183 1
14 2.4 2.8 6.214589564951257 8.176437582789001 6.76249424194003 8.233159970663191 1
15 2.4 2.8 3.9600313213572433 8.666466917625025 4.547703987179519 8.707159370386412 1
1 2.8 3.1999999999999997 2.2456500920050693 7.458686346593869 2.7591743265433495 7.5034168808224235 1
2 2.8 3.1999999999999997 3.00665650940333 7.427948628897931 3.522055840877456 7.49598871803721 1
3 2.8 3.1999999999999997 3.6380490939430428 7.543326748384945 4.076692818985436 7.605117732813449 1
4 2.8 3.1999999999999997 4.20646635823114 7.546398838366346 4.649904067649297 7.594112151409066 1
5 2.8 3.1999999999999997 4.78719187343059 7.569611046312746 5.22969742550429 7.623640570717919 1
6 2.8 3.1999999999999997 5.601047448659539 7.791258191324338 6.053821127469661 7.907948544514435 1
7 2.8 3.1999999999999997 6.142712683721551 7.668112877469361 6.580680669660304 7.737016168042576 1
8 2.8 3.1999999999999997 2.1474536735401575 8.105660007468215 2.499667183426345 8.187260644810557 1
9 2.8 3.1999999999999997 2.6691232834423277 7.9909503650033065 3.0060063734897726 8.024926573771689 1
10 2.8 3.1999999999999997 3.8750778378243753 8.116557442948606 4.331697940237633 8.173500069940879 1
11 2.8 3.1999999999999997 4.442956583859856 8.102408824727895 4.9019735818559464 8.151924460419536 1
12 2.8 3.1999999999999997 5.021570719359403 8.147602087213597 5.484305661637833 8.194926690365829 1
13 2.8 3.1999999999999997 6.190696323970632 8.302171032756183 6.7429196052420295 8.375506048443944 1
14 2.8 3.1999999999999997 6.76249424194003 8.233159970663191 7.312121615693019 8.29002246176801 1
15 2.8 3.1999999999999997 4.547703987179519 8.707159370386412 5.137964567540099 8.735505973694107 1
1 3.1999999999999997 3.5999999999999996 2.7591743265433495 7.5034168808224235 3.2934369896548756 7.503156444675326 1
2 3.1999999999999997 3.5999999999999996 3.522055840877456 7.49598871803721 3.9680271266887845 7.550426777198159 1
3 3.1999999999999997 3.5999999999999996 4.076692818985436 7.605117732813449 4.521794208172258 7.668929005305191 1
4 3.1999999999999997 3.5999999999999996 4.649904067649297 7.594112151409066 5.096663989241086 7.651401916287329 1
5 3.1999999999999997 3.5999999999999996 5.22969742550429 7.623640570717919 5.674154700065698 7.677150520585983 1
6 3.1999999999999997 3.5999999999999996 6.053821127469661 7.907948544514435 6.516241769243481 8.036096324328094 1
7 3.1999999999999997 3.5999999999999996 6.580680669660304 7.737016168042576 7.019118304355696 7.806942225998721 1
8 3.1999999999999997 3.5999999999999996 2.499667183426345 8.187260644810557 2.8609413491576867 8.285808509526817 1
9 3.1999999999999997 3.5999999999999996 3.0060063734897726 8.024926573771689 3.3451963355426475 8.077377703328743 1
10 3.1999999999999997 3.5999999999999996 4.331697940237633 8.173500069940879 4.793334609774929 8.229096373401044 1
11 3.1999999999999997 3.5999999999999996 4.9019735818559464 8.151924460419536 5.365385034424373 8.213413970810842 1
12 3.1999999999999997 3.5999999999999996 5.484305661637833 8.194926690365829 5.948733957454856 8.238114454328928 1
13 3.1999999999999997 3.5999999999999996 6.7429196052420295 8.375506048443944 7.296000501511055 8.448282535419128 1
14 3.1999999999999997 3.5999999999999996 7.312121615693019 8.29002246176801 7.862515351528077 8.347023447088427 1
15 3.1999999999999997 3.5999999999999996 5.137964567540099 8.735505973694107 5.727614816968558 8.783428503693887 1
1 3.5999999999999996 3.9999999999999996 3.2934369896548756 7.503156444675326 3.8327354756032626 7.538979002332252 1
2 3.5999999999999996 3.9999999999999996 3.9680271266887845 7.550426777198159 4.413055989669414 7.604211391121524 1
3 3.5999999999999996 3.9999999999999996 4.521794208172258 7.668929005305191 4.968802046676592 7.7326815556147 1
4 3.5999999999999996 3.9999999999999996 5.096663989241086 7.651401916287329 5.543645934265238 7.715721113930661 1
5 3.5999999999999996 3.9999999999999996 5.674154700065698 7.677150520585983 6.119769358058646 7.728003906561325 1
6 3.5999999999999996 3.9999999999999996 6.516241769243481 8.036096324328094 6.99897044553736 8.178308614837587 1
7 3.5999999999999996 3.9999999999999996 7.019118304355696 7.806942225998721 7.45858304130275 7.872000615722686 1
8 3.5999999999999996 3.9999999999999996 2.8609413491576867 8.285808509526817 3.2382023940897287 8.403270250428468 1
9 3.5999999999999996 3.9999999999999996 3.3451963355426475 8.077377703328743 3.6869375324701306 8.126694722348212 1
10 3.5999999999999996 3.9999999999999996 4.793334609774929 8.229096373401044 5.256101223973946 8.284072663167192 1
11 3.5999999999999996 3.9999999999999996 5.365385034424373 8.213413970810842 5.827287371916942 8.276951128980773 1
12 3.5999999999999996 3.9999999999999996 5.948733957454856 8.238114454328928 6.407813182808835 8.270084609053262 1
13 3.5999999999999996 3.9999999999999996 7.296000501511055 8.448282535419128 7.850231325833274 8.5217175505137 1
14 3.5999999999999996 3.9999999999999996 7.862515351528077 8.347023447088427 8.413267667114981 8.403949250983382 1
15 3.5999999999999996 3.9999999999999996 5.727614816968558 8.783428503693887 6.315811253725521 8.851416117541312 1
1 3.9999999999999996 4.3999999999999995 3.8327354756032626 7.538979002332252 4.298140572648602 7.593952539703304 1
2 3.9999999999999996 4.3999999999999995 4.413055989669414 7.604211391121524 4.861762489791384 7.657694898286697 1
3 3.9999999999999996 4.3999999999999995 4.968802046676592 7.7326815556147 5.415768125979382 7.795773978516669 1
4 3.9999999999999996 4.3999999999999995 5.543645934265238 7.715721113930661 5.991018678696225 7.7820804849767615 1
5 3.9999999999999996 4.3999999999999995 6.119769358058646 7.728003906561325 6.566259704908715 7.7735738095436 1
6 3.9999999999999996 4.3999999999999995 6.99897044553736 8.178308614837587 7.5229991973537 8.33565148382901 1
7 3.9999999999999996 4.3999999999999995 7.45858304130275 7.872000615722686 7.899516484725591 7.927161232557009 1
8 3.9999999999999996 4.3999999999999995 3.2382023940897287 8.403270250428468 3.672330792375711 8.546723482104843 1
9 3.9999999999999996 4.3999999999999995 3.6869375324701306 8.126694722348212 4.032000666865093 8.15453232738893 1
10 3.9999999999999996 4.3999999999999995 5.256101223973946 8.284072663167192 5.715567130081573 8.341654699087623 1
11 3.9999999999999996 4.3999999999999995 5.827287371916942 8.276951128980773 6.289370074307385 8.338950552950365 1
12 3.9999999999999996 4.3999999999999995 6.407813182808835 8.270084609053262 6.870323937050073 8.296455486152656 1
13 3.9999999999999996 4.3999999999999995 7.850231325833274 8.5217175505137 8.405362616284583 8.595646650566305 1
14 3.9999999999999996 4.3999999999999995 8.413267667114981 8.403949250983382 8.964168613609715 8.460961796949231 1
15 3.9999999999999996 4.3999999999999995 6.315811253725521 8.851416117541312 6.906194230936719 8.89864980865284 1
1 4.3999999999999995 4.8 4.298140572648602 7.593952539703304 4.742312616050183 7.653257565066051 1
2 4.3999999999999995 4.8 4.861762489791384 7.657694898286697 5.31309543603725 7.71027246576233 1
3 4.3999999999999995 4.8 5.415768125979382 7.795773978516669 5.864680799520109 7.860719538910171 1
4 4.3999999999999995 4.8 5.991018678696225 7.7820804849767615 6.439663448372867 7.849258078949359 1
5 4.3999999999999995 4.8 6.566259704908715 7.7735738095436 7.012658134499839 7.818799074385311 1
6 4.3999999999999995 4.8 7.5229991973537 8.33565148382901 8.11069984445892 8.489647343355497 1
7 4.3999999999999995 4.8 7.899516484725591 7.927161232557009 8.341940142016917 7.9695380516647125 1
8 4.3999999999999995 4.8 3.672330792375711 8.546723482104843 4.225009352229451 8.696483430381592 1
9 4.3999999999999995 4.8 4.032000666865093 8.15453232738893 4.3786031104176155 8.160239402684246 1
10 4.3999999999999995 4.8 5.715567130081573 8.341654699087623 6.180277791686013 8.404356424069903 1
11 4.3999999999999995 4.8 6.289370074307385 8.338950552950365 6.757478952154701 8.399799486386131 1
12 4.3999999999999995 4.8 6.870323937050073 8.296455486152656 7.335315084886833 8.330635090346947 1
13 4.3999999999999995 4.8 8.405362616284583 8.595646650566305 8.961250950153026 8.669665589236999 1
14 4.3999999999999995 4.8 8.964168613609715 8.460961796949231 9.515150097265682 8.51788050656626 1
15 4.3999999999999995 4.8 6.906194230936719 8.89864980865284 7.497918815965777 8.926425662277163 1
1 4.8 5.2 4.742312616050183 7.653257565066051 5.192176515830483 7.71846572469835 1
2 4.8 5.2 5.31309543603725 7.71027246576233 5.768064336061739 7.761671571060138 1
3 4.8 5.2 5.864680799520109 7.860719538910171 6.314977123910298 7.92951435950434 1
4 4.8 5.2 6.439663448372867 7.849258078949359 6.888498904905123 7.916635440685374 1
5 4.8 5.2 7.012658134499839 7.818799074385311 7.458583893479422 7.868627985606614 1
6 4.8 5.2 8.11069984445892 8.489647343355497 8.742020080128018 8.601875340010034 1
7 4.8 5.2 8.341940142016917 7.9695380516647125 8.784483116954556 8.011354975485643 1
8 4.8 5.2 4.225009352229451 8.696483430381592 4.862964955028645 8.766331883897404 1
9 4.8 5.2 4.3786031104176155 8.160239402684246 4.725260454469409 8.168929741735834 1
10 4.8 5.2 6.180277791686013 8.404356424069903 6.648060379922339 8.472460057069515 1
11 4.8 5.2 6.757478952154701 8.399799486386131 7.226116578553351 8.460525322850273 1
12 4.8 5.2 7.335315084886833 8.330635090346947 7.800389531148586 8.373807662107467 1
13 4.8 5.2 8.961250950153026 8.669665589236999 9.51765357900423 8.743136152304913 1
14 4.8 5.2 9.515150097265682 8.51788050656626 10.066161577713531 8.57481681951633 1
15 4.8 5.2 7.497918815965777 8.926425662277163 8.090122500485446 8.942485743499384 1
1 5.2 5.6000000000000005 5.192176515830483 7.71846572469835 5.647334134251645 7.78870572587555 1
2 5.2 5.6000000000000005 5.768064336061739 7.761671571060138 6.225613561264091 7.810650773216405 1
3 5.2 5.6000000000000005 6.314977123910298 7.92951435950434 6.764545176371182 8.001640079091482 1
4 5.2 5.6000000000000005 6.888498904905123 7.916635440685374 7.336463356630491 7.9841086669650805 1
5 5.2 5.6000000000000005 7.458583893479422 7.868627985606614 7.904101449375011 7.923875922769762 1
6 5.2 5.6000000000000005 8.742020080128018 8.601875340010034 9.391973927781084 8.671431383436563 1
7 5.2 5.6000000000000005 8.784483116954556 8.011354975485643 9.225063410778874 8.069700782145192 1
8 5.2 5.6000000000000005 4.862964955028645 8.766331883897404 5.53069929043953 8.787876941339746 1
9 5.2 5.6000000000000005 4.725260454469409 8.168929741735834 5.070971249789535 8.197886238362004 1
10 5.2 5.6000000000000005 6.648060379922339 8.472460057069515 7.1157454658666985 8.543831624919346 1
11 5.2 5.6000000000000005 7.226116578553351 8.460525322850273 7.693435812599921 8.521380814349243 1
12 5.2 5.6000000000000005 7.800389531148586 8.373807662107467 8.26531310619101 8.422369794609502 1
13 5.2 5.6000000000000005 9.51765357900423 8.743136152304913 10.074324967540218 8.815260555948162 1
14 5.2 5.6000000000000005 10.066161577713531 8.57481681951633 10.617183722038245 8.631788311748 1
15 5.2 5.6000000000000005 8.090122500485446 8.942485743499384 8.682460606291784 8.953617833672041 1
1 5.6000000000000005 6.000000000000001 5.647334134251645 7.78870572587555 6.10600712814834 7.862462137425222 1
2 5.6000000000000005 6.000000000000001 6.225613561264091 7.810650773216405 6.685112289867553 7.856386262233449 1
3 5.6000000000000005 6.000000000000001 6.764545176371182 8.001640079091482 7.21270528652511 8.075795194864932 1
4 5.6000000000000005 6.000000000000001 7.336463356630491 7.9841086669650805 7.783485006102316 8.051556501955657 1
5 5.6000000000000005 6.000000000000001 7.904101449375011 7.923875922769762 8.349341501811816 7.982427322741778 1
6 5.6000000000000005 6.000000000000001 9.391973927781084 8.671431383436563 10.049082712666198 8.718961939112074 1
7 5.6000000000000005 6.000000000000001 9.225063410778874 8.069700782145192 9.663000891980003 8.145660125842696 1
8 5.6000000000000005 6.000000000000001 5.53069929043953 8.787876941339746 6.20999818139719 8.807753769782074 1
9 5.6000000000000005 6.000000000000001 5.070971249789535 8.197886238362004 5.41657083626676 8.228737590067263 1
10 5.6000000000000005 6.000000000000001 7.1157454658666985 8.543831624919346 7.583488566704565 8.616412173978055 1
11 5.6000000000000005 6.000000000000001 7.693435812599921 8.521380814349243 8.160706631314772 8.582979987038472 1
12 5.6000000000000005 6.000000000000001 8.26531310619101 8.422369794609502 8.730448121941915 8.47052172220675 1
13 5.6000000000000005 6.000000000000001 10.074324967540218 8.815260555948162 10.630670000635156 8.88489591326794 1
14 5.6000000000000005 6.000000000000001 10.617183722038245 8.631788311748 11.168220971145706 8.688675806939395 1
15 5.6000000000000005 6.000000000000001 8.682460606291784 8.953617833672041 9.274815276914461 8.964254339772781 1
1 6.000000000000001 6.400000000000001 6.10600712814834 7.862462137425222 6.568797507701497 7.940279413207343 1
2 6.000000000000001 6.400000000000001 6.685112289867553 7.856386262233449 7.147663336692698 7.89836679041889 1
3 6.000000000000001 6.400000000000001 7.21270528652511 8.075795194864932 7.6599325597095245 8.150857286633007 1
4 6.000000000000001 6.400000000000001 7.783485006102316 8.051556501955657 8.22988265668296 8.118482781768721 1
5 6.000000000000001 6.400000000000001 8.349341501811816 7.982427322741778 8.794434949449148 8.042568194660186 1
6 6.000000000000001 6.400000000000001 10.049082712666198 8.718961939112074 10.653408635595918 8.73920510090627 1
7 6.000000000000001 6.400000000000001 9.663000891980003 8.145660125842696 10.100604923343358 8.22357364854369 1
8 6.000000000000001 6.400000000000001 6.20999818139719 8.807753769782074 6.894456736072818 8.82792487005942 1
9 6.000000000000001 6.400000000000001 5.41657083626676 8.228737590067263 5.762188001833841 8.25958409338886 1
10 6.000000000000001 6.400000000000001 7.583488566704565 8.616412173978055 8.052604143862236 8.689039175400268 1
11 6.000000000000001 6.400000000000001 8.160706631314772 8.582979987038472 8.629096479625032 8.645858925271277 1
12 6.000000000000001 6.400000000000001 8.730448121941915 8.47052172220675 9.195749873593911 8.51778725698882 1
13 6.000000000000001 6.400000000000001 10.630670000635156 8.88489591326794 11.185791406237419 8.950415852873023 1
14 6.000000000000001 6.400000000000001 11.168220971145706 8.688675806939395 11.719244998856778 8.745719156122956 1
15 6.000000000000001 6.400000000000001 9.274815276914461 8.964254339772781 9.867182223854217 8.974376642007478 1
1 6.400000000000001 6.800000000000002 6.568797507701497 7.940279413207343 7.038760599822982 8.022718871326267 1
2 6.400000000000001 6.800000000000002 7.147663336692698 7.89836679041889 7.614780037155473 7.936622228918529 1
3 6.400000000000001 6.800000000000002 7.6599325597095245 8.150857286633007 8.106561625453491 8.22620327965627 1
4 6.400000000000001 6.800000000000002 8.22988265668296 8.118482781768721 8.675570754228053 8.184117709678501 1
5 6.400000000000001 6.800000000000002 8.794434949449148 8.042568194660186 9.239423373454818 8.103708514494441 1
6 6.400000000000001 6.800000000000002 10.653408635595918 8.73920510090627 11.224439091234697 8.749507689594875 1
7 6.400000000000001 6.800000000000002 10.100604923343358 8.22357364854369 10.538207879562002 8.301499117127236 1
8 6.400000000000001 6.800000000000002 6.894456736072818 8.82792487005942 7.581231519017979 8.848318564969267 1
9 6.400000000000001 6.800000000000002 5.762188001833841 8.25958409338886 6.107816997542155 8.29038436005344 1
10 6.400000000000001 6.800000000000002 8.052604143862236 8.689039175400268 8.523362969548709 8.760589950502244 1
11 6.400000000000001 6.800000000000002 8.629096479625032 8.645858925271277 9.098847187124882 8.709923708636339 1
12 6.400000000000001 6.800000000000002 9.195749873593911 8.51778725698882 9.661146774253917 8.564446932503344 1
13 6.400000000000001 6.800000000000002 11.185791406237419 8.950415852873023 11.738264981918311 9.008517780405015 1
14 6.400000000000001 6.800000000000002 11.719244998856778 8.745719156122956 12.270291816963278 8.802554522022572 1
15 6.400000000000001 6.800000000000002 9.867182223854217 8.974376642007478 10.459553817689336 8.984312241678879 1
1 6.800000000000002 7.200000000000002 7.038760599822982 8.022718871326267 7.519551704520068 8.109888161157365 1
2 6.800000000000002 7.200000000000002 7.614780037155473 7.936622228918529 8.08835467634298 7.971010072615539 1
3 6.800000000000002 7.200000000000002 8.106561625453491 8.22620327965627 8.55286551152761 8.301700615290017 1
4 6.800000000000002 7.200000000000002 8.675570754228053 8.184117709678501 9.120409882829689 8.247751603639104 1
5 6.800000000000002 7.200000000000002 9.239423373454818 8.103708514494441 9.684284698697025 8.165873146366598 1
6 6.800000000000002 7.200000000000002 11.224439091234697 8.749507689594875 11.794721003042797 8.760256116187318 1
7 6.800000000000002 7.200000000000002 10.538207879562002 8.301499117127236 10.976172080499568 8.37732481725708 1
8 6.800000000000002 7.200000000000002 7.581231519017979 8.848318564969267 8.269037653950607 8.86901286799335 1
9 6.800000000000002 7.200000000000002 6.107816997542155 8.29038436005344 6.453445053997204 8.321233973182364 1
10 6.800000000000002 7.200000000000002 8.523362969548709 8.760589950502244 8.995458754729633 8.829569172833805 1
11 6.800000000000002 7.200000000000002 9.098847187124882 8.709923708636339 9.569998416167557 8.774944712065011 1
12 6.800000000000002 7.200000000000002 9.661146774253917 8.564446932503344 10.126617363264272 8.610520907640511 1
13 6.800000000000002 7.200000000000002 11.738264981918311 9.008517780405015 12.286516513294371 9.05633897596556 1
14 6.800000000000002 7.200000000000002 12.270291816963278 8.802554522022572 12.82136650795818 8.859124498977573 1
15 6.800000000000002 7.200000000000002 10.459553817689336 8.984312241678879 11.051873242237944 8.996745439126801 1
1 7.200000000000002 7.600000000000002 7.519551704520068 8.109888161157365 8.013339197975201 8.201670617834555 1
2 7.200000000000002 7.600000000000002 8.08835467634298 7.971010072615539 8.5631670369345 7.999030366526251 1
3 7.200000000000002 7.600000000000002 8.55286551152761 8.301700615290017 9.00031918525881 8.35202848263423 1
4 7.200000000000002 7.600000000000002 9.120409882829689 8.247751603639104 9.564379873882977 8.30868637522362 1
5 7.200000000000002 7.600000000000002 9.684284698697025 8.165873146366598 10.129010840464955 8.229046377715267 1
6 7.200000000000002 7.600000000000002 11.794721003042797 8.760256116187318 12.362725843407 8.772175390874677 1
7 7.200000000000002 7.600000000000002 10.976172080499568 8.37732481725708 11.415708123930523 8.443473295222244 1
8 7.200000000000002 7.600000000000002 8.269037653950607 8.86901286799335 8.91580576894134 8.937736864872136 1
9 7.200000000000002 7.600000000000002 6.453445053997204 8.321233973182364 6.799072782951996 8.35210467849718 1
10 7.200000000000002 7.600000000000002 8.995458754729633 8.829569172833805 9.468497050209807 8.894959035806922 1
11 7.200000000000002 7.600000000000002 9.569998416167557 8.774944712065011 10.042351462545595 8.840340518603941 1
12 7.200000000000002 7.600000000000002 10.126617363264272 8.610520907640511 10.592122827817672 8.656310952848886 1
13 7.200000000000002 7.600000000000002 12.286516513294371 9.05633897596556 12.8327982735368 9.098534539091542 1
14 7.200000000000002 7.600000000000002 12.82136650795818 8.859124498977573 13.372273963707945 8.9172968355384 1
15 7.200000000000002 7.600000000000002 11.051873242237944 8.996745439126801 11.644013260801923 9.016057566909971 1
1 7.600000000000002 8.000000000000002 8.013339197975201 8.201670617834555 8.516054837386566 8.29978426055381 1
2 7.600000000000002 8.000000000000002 8.5631670369345 7.999030366526251 9.03233269337506 8.017631433003816 1
3 7.600000000000002 8.000000000000002 9.00031918525881 8.35202848263423 9.441374967107508 8.400606839743176 1
4 7.600000000000002 8.000000000000002 9.564379873882977 8.30868637522362 10.00738634090927 8.366476603558667 1
5 7.600000000000002 8.000000000000002 10.129010840464955 8.229046377715267 10.573612000547243 8.293117016770388 1
6 7.600000000000002 8.000000000000002 12.362725843407 8.772175390874677 12.928657415926008 8.790146624199231 1
7 7.600000000000002 8.000000000000002 11.415708123930523 8.443473295222244 11.854212331192045 8.51606694697743 1
8 7.600000000000002 8.000000000000002 8.91580576894134 8.937736864872136 9.393598514212163 8.999487782987423 1
9 7.600000000000002 8.000000000000002 6.799072782951996 8.35210467849718 7.144707257070222 8.382907621505897 1
10 7.600000000000002 8.000000000000002 9.468497050209807 8.894959035806922 9.942223631164538 8.95571151641064 1
11 7.600000000000002 8.000000000000002 10.042351462545595 8.840340518603941 10.515783120878556 8.90525218860591 1
12 7.600000000000002 8.000000000000002 10.592122827817672 8.656310952848886 11.057672170321327 8.701684569093715 1
13 7.600000000000002 8.000000000000002 12.8327982735368 9.098534539091542 13.378592117104118 9.140120180922574 1
14 7.600000000000002 8.000000000000002 13.372273963707945 8.9172968355384 13.923200438090893 8.975266540822826 1
15 7.600000000000002 8.000000000000002 11.644013260801923 9.016057566909971 12.236348173926352 9.027759706766197 1
1 8.000000000000002 8.400000000000002 8.516054837386566 8.29978426055381 9.037316031064218 8.39583644635475 1
2 8.000000000000002 8.400000000000002 9.03233269337506 8.017631433003816 9.514578622897352 8.033222404204036 1
3 8.000000000000002 8.400000000000002 9.441374967107508 8.400606839743176 9.88480805250593 8.452457653016907 1
4 8.000000000000002 8.400000000000002 10.00738634090927 8.366476603558667 10.449464839432189 8.420060390741822 1
5 8.000000000000002 8.400000000000002 10.573612000547243 8.293117016770388 11.018093957239152 8.358019970149906 1
6 8.000000000000002 8.400000000000002 12.928657415926008 8.790146624199231 13.48118109504615 8.81679610689068 1
7 8.000000000000002 8.400000000000002 11.854212331192045 8.51606694697743 12.291320117112958 8.5967245466057 1
8 8.000000000000002 8.400000000000002 9.393598514212163 8.999487782987423 9.859541642767379 9.047456134013371 1
9 8.000000000000002 8.400000000000002 7.144707257070222 8.382907621505897 7.490338850225086 8.413746391204038 1
10 8.000000000000002 8.400000000000002 9.942223631164538 8.95571151641064 10.416288271641935 9.010097122140444 1
11 8.000000000000002 8.400000000000002 10.515783120878556 8.90525218860591 10.989903608756741 8.969173112405347 1
12 8.000000000000002 8.400000000000002 11.057672170321327 8.701684569093715 11.523222099804721 8.747066403188379 1
13 8.000000000000002 8.400000000000002 13.378592117104118 9.140120180922574 13.868329151656893 9.196188344731718 1
14 8.000000000000002 8.400000000000002 13.923200438090893 8.975266540822826 14.30283400589456 9.058742956941622 1
15 8.000000000000002 8.400000000000002 12.236348173926352 9.027759706766197 12.828758051419177 9.03515533053367 1
1 8.400000000000002 8.800000000000002 9.037316031064218 8.39583644635475 9.574783750738108 8.480865439049213 1
2 8.400000000000002 8.800000000000002 9.514578622897352 8.033222404204036 10.009644439490105 8.047354876531573 1
3 8.400000000000002 8.800000000000002 9.88480805250593 8.452457653016907 10.327905985600095 8.504990137271099 1
4 8.400000000000002 8.800000000000002 10.449464839432189 8.420060390741822 10.89086004044184 8.468808472129064 1
5 8.400000000000002 8.800000000000002 11.018093957239152 8.358019970149906 11.46256198818443 8.423023225708317 1
6 8.400000000000002 8.800000000000002 13.48118109504615 8.81679610689068 14.014675491024542 8.824323080620413 1
7 8.400000000000002 8.800000000000002 12.291320117112958 8.5967245466057 12.728285014852906 8.678155873540865 1
8 8.400000000000002 8.800000000000002 9.859541642767379 9.047456134013371 10.332624977584334 9.095267053527401 1
9 8.400000000000002 8.800000000000002 7.490338850225086 8.413746391204038 7.835965906115632 8.444637554953795 1
10 8.400000000000002 8.800000000000002 10.416288271641935 9.010097122140444 10.89045006139886 9.057811829846456 1
11 8.400000000000002 8.800000000000002 10.989903608756741 8.969173112405347 11.464065065254033 9.030526191809644 1
12 8.400000000000002 8.800000000000002 11.523222099804721 8.747066403188379 11.988795525002464 8.792212972115466 1
13 8.400000000000002 8.800000000000002 13.868329151656893 9.196188344731718 14.051861750208635 9.364183991030098 1
14 8.400000000000002 8.800000000000002 14.30283400589456 9.058742956941622 14.534761325030493 9.224321082051622 1
15 8.400000000000002 8.800000000000002 12.828758051419177 9.03515533053367 13.421160579923281 9.043062766010832 1
1 8.800000000000002 9.200000000000003 9.574783750738108 8.480865439049213 10.119916650849953 8.553102370083593 1
2 8.800000000000002 9.200000000000003 10.009644439490105 8.047354876531573 10.51908832294867 8.065992956102065 1
3 8.800000000000002 9.200000000000003 10.327905985600095 8.504990137271099 10.770258199164985 8.56267116666784 1
4 8.800000000000002 9.200000000000003 10.89086004044184 8.468808472129064 11.33211058541511 8.513320826963705 1
5 8.800000000000002 9.200000000000003 11.46256198818443 8.423023225708317 11.9070644366267 8.487792561782006 1
6 8.800000000000002 9.200000000000003 14.014675491024542 8.824323080620413 14.30733058191739 8.962594758385654 1
7 8.800000000000002 9.200000000000003 12.728285014852906 8.678155873540865 13.16516867640545 8.760021974644733 1
8 8.800000000000002 9.200000000000003 10.332624977584334 9.095267053527401 10.808420987965599 9.147571463281784 1
9 8.800000000000002 9.200000000000003 7.835965906115632 8.444637554953795 8.181599827338118 8.47545251111192 1
10 8.800000000000002 9.200000000000003 10.89045006139886 9.057811829846456 11.364537697408306 9.100174263100913 1
11 8.800000000000002 9.200000000000003 11.464065065254033 9.030526191809644 11.938009044778472 9.090601177237383 1
12 8.800000000000002 9.200000000000003 11.988795525002464 8.792212972115466 12.454397503080537 8.837066181320877 1
13 8.800000000000002 9.200000000000003 14.051861750208635 9.364183991030098 14.476055097161773 9.488036293794039 1
14 8.800000000000002 9.200000000000003 14.534761325030493 9.224321082051622 15.016994754901724 9.234512045065193 1
15 8.800000000000002 9.200000000000003 13.421160579923281 9.043062766010832 13.880599174908431 9.083559382485706 1
1 9.200000000000003 9.600000000000003 10.119916650849953 8.553102370083593 10.642689756725071 8.61807225528694 1
2 9.200000000000003 9.600000000000003 10.51908832294867 8.065992956102065 11.047964322156888 8.096974475153038 1
3 9.200000000000003 9.600000000000003 10.770258199164985 8.56267116666784 11.21247722396021 8.628990735493236 1
4 9.200000000000003 9.600000000000003 11.33211058541511 8.513320826963705 11.773585701838613 8.555282341146906 1
5 9.200000000000003 9.600000000000003 11.9070644366267 8.487792561782006 12.351298642151368 8.554369595601685 1
6 9.200000000000003 9.600000000000003 14.30733058191739 8.962594758385654 14.302817839614898 9.054812989240544 1
7 9.200000000000003 9.600000000000003 13.16516867640545 8.760021974644733 13.58556854403051 8.821837862460761 1
8 9.200000000000003 9.600000000000003 10.808420987965599 9.147571463281784 11.286987555455408 9.206309174502184 1
9 9.200000000000003 9.600000000000003 8.181599827338118 8.47545251111192 8.527233430367845 8.506271358512766 1
10 9.200000000000003 9.600000000000003 11.364537697408306 9.100174263100913 11.840471392917463 9.13796073314894 1
11 9.200000000000003 9.600000000000003 11.938009044778472 9.090601177237383 12.414123281199757 9.153418570569865 1
12 9.200000000000003 9.600000000000003 12.454397503080537 8.837066181320877 12.920104711849065 8.880815166178115 1
13 9.200000000000003 9.600000000000003 14.476055097161773 9.488036293794039 15.038610649867096 9.530281195836434 1
14 9.200000000000003 9.600000000000003 15.016994754901724 9.234512045065193 15.538830895912932 9.236052454604234 1
15 9.200000000000003 9.600000000000003 13.880599174908431 9.083559382485706 13.960541658654993 9.202551746663483 1
1 9.600000000000003 10.000000000000004 10.642689756725071 8.61807225528694 11.087460665368857 8.673134819475958 1
2 9.600000000000003 10.000000000000004 11.047964322156888 8.096974475153038 11.598261039453103 8.148935443275832 1
3 9.600000000000003 10.000000000000004 11.21247722396021 8.628990735493236 11.654730554064248 8.705439157772389 1
4 9.600000000000003 10.000000000000004 11.773585701838613 8.555282341146906 12.215090905753224 8.595148473204809 1
5 9.600000000000003 10.000000000000004 12.351298642151368 8.554369595601685 12.794883210696597 8.62511866827017 1
6 9.600000000000003 10.000000000000004 14.302817839614898 9.054812989240544 14.42303010694115 9.196970282279686 1
7 9.600000000000003 10.000000000000004 13.58556854403051 8.821837862460761 13.945562283344247 8.825556307042289 1
8 9.600000000000003 10.000000000000004 11.286987555455408 9.206309174502184 11.773059421734532 9.27303810013564 1
9 9.600000000000003 10.000000000000004 8.527233430367845 8.506271358512766 8.872860527852724 8.537163226725681 1
10 9.600000000000003 10.000000000000004 11.840471392917463 9.13796073314894 12.320668259802202 9.169852230656854 1
11 9.600000000000003 10.000000000000004 12.414123281199757 9.153418570569865 12.890851749653674 9.22043607295374 1
12 9.600000000000003 10.000000000000004 12.920104711849065 8.880815166178115 13.378000432590577 8.931654666465823 1
13 9.600000000000003 10.000000000000004 15.038610649867096 9.530281195836434 15.620720553968766 9.584636421418809 1
14 9.600000000000003 10.000000000000004 15.538830895912932 9.236052454604234 16.078359307129098 9.234118109082958 1
15 9.600000000000003 10.000000000000004 13.960541658654993 9.202551746663483 14.04540510541084 9.381222781713186 1
1 10.000000000000004 10.400000000000004 11.087460665368857 8.673134819475958 11.527875021871894 8.721042287941723 1
2 10.000000000000004 10.400000000000004 11.598261039453103 8.148935443275832 12.161196149655293 8.230707538802706 1
3 10.000000000000004 10.400000000000004 11.654730554064248 8.705439157772389 12.098731992822211 8.79054485506628 1
4 10.000000000000004 10.400000000000004 12.215090905753224 8.595148473204809 12.65648814029238 8.63158198285021 1
5 10.000000000000004 10.400000000000004 12.794883210696597 8.62511866827017 13.236392774742766 8.702892659583583 1
6 10.000000000000004 10.400000000000004 14.42303010694115 9.196970282279686 14.888361945560506 9.233273068509062 1
7 10.000000000000004 10.400000000000004 13.945562283344247 8.825556307042289 14.294593151958605 8.93370861011592 1
8 10.000000000000004 10.400000000000004 11.773059421734532 9.27303810013564 12.258781134363723 9.349763567439108 1
9 10.000000000000004 10.400000000000004 8.872860527852724 8.537163226725681 9.218494004154026 8.567983683325515 1
10 10.000000000000004 10.400000000000004 12.320668259802202 9.169852230656854 12.785392544227182 9.192554452984647 1
11 10.000000000000004 10.400000000000004 12.890851749653674 9.22043607295374 13.333797197799798 9.307189531813219 1
12 10.000000000000004 10.400000000000004 13.378000432590577 8.931654666465823 13.77030342972561 8.983429517075317 1
13 10.000000000000004 10.400000000000004 15.620720553968766 9.584636421418809 16.228007297919927 9.648572645973504 1
14 10.000000000000004 10.400000000000004 16.078359307129098 9.234118109082958 16.625795408361125 9.22711404523641 1
15 10.000000000000004 10.400000000000004 14.04540510541084 9.381222781713186 14.31889560163651 9.479021632456057 1
1 10.400000000000004 10.800000000000004 11.527875021871894 8.721042287941723 11.973530699327203 8.762856069152788 1
2 10.400000000000004 10.800000000000004 12.161196149655293 8.230707538802706 12.654908953269327 8.292108715747338 1
3 10.400000000000004 10.800000000000004 12.098731992822211 8.79054485506628 12.526916009620662 8.879662500182654 1
4 10.400000000000004 10.800000000000004 12.65648814029238 8.63158198285021 13.02246224968844 8.65730782426369 1
5 10.400000000000004 10.800000000000004 13.236392774742766 8.702892659583583 13.533348826884957 8.720350209536326 1
6 10.400000000000004 10.800000000000004 14.888361945560506 9.233273068509062 15.46546708509557 9.23579846837965 1
7 10.400000000000004 10.800000000000004 14.294593151958605 8.93370861011592 14.294297277195986 8.99919999321498 1
8 10.400000000000004 10.800000000000004 12.258781134363723 9.349763567439108 12.72814873248858 9.44243751658737 1
9 10.400000000000004 10.800000000000004 9.218494004154026 8.567983683325515 9.564131617446696 8.598757763091367 1
10 10.400000000000004 10.800000000000004 12.785392544227182 9.192554452984647 13.218341689984442 9.210638605365851 1
11 10.400000000000004 10.800000000000004 13.333797197799798 9.307189531813219 13.736906598782259 9.460189761913915 1
12 10.400000000000004 10.800000000000004 13.77030342972561 8.983429517075317 13.904744782198916 8.990533525516266 1
13 10.400000000000004 10.800000000000004 16.228007297919927 9.648572645973504 16.86480317711658 9.711740265162371 1
14 10.400000000000004 10.800000000000004 16.625795408361125 9.22711404523641 17.176686746421755 9.213748910406464 1
15 10.400000000000004 10.800000000000004 14.31889560163651 9.479021632456057 14.795677854562934 9.503663264622231 1
1 10.800000000000004 11.200000000000005 11.973530699327203 8.762856069152788 12.346668043390734 8.775419513278761 1
2 10.800000000000004 11.200000000000005 12.654908953269327 8.292108715747338 12.986993255777028 8.306930708308139 1
3 10.800000000000004 11.200000000000005 12.526916009620662 8.879662500182654 12.828109216979083 9.00077673549048 1
4 10.800000000000004 11.200000000000005 13.02246224968844 8.65730782426369 13.227141229156533 8.748742331716883 1
5 10.800000000000004 11.200000000000005 13.533348826884957 8.720350209536326 13.667728738981548 8.64833651244728 1
6 10.800000000000004 11.200000000000005 15.46546708509557 9.23579846837965 16.090345506814693 9.23592386941838 1
7 10.800000000000004 11.200000000000005 14.294297277195986 8.99919999321498 14.297321725887716 9.029807677896027 1
8 10.800000000000004 11.200000000000005 12.72814873248858 9.44243751658737 13.16279346119569 9.539961367855419 1
9 10.800000000000004 11.200000000000005 9.564131617446696 8.598757763091367 9.909762040872101 8.629612497186708 1
10 10.800000000000004 11.200000000000005 13.218341689984442 9.210638605365851 13.61681260343205 9.315122779006238 1
11 10.800000000000004 11.200000000000005 13.736906598782259 9.460189761913915 14.23295536503792 9.572823539793323 1
12 10.800000000000004 11.200000000000005 13.904744782198916 8.990533525516266 13.93585473844108 8.957921362726392 1
13 10.800000000000004 11.200000000000005 16.86480317711658 9.711740265162371 17.522208208074893 9.760456446579031 1
14 10.800000000000004 11.200000000000005 17.176686746421755 9.213748910406464 17.729085078757763 9.196703552098878 1
15 10.800000000000004 11.200000000000005 14.795677854562934 9.503663264622231 15.336764596332436 9.503663264620513 1
1 11.200000000000005 11.600000000000005 12.346668043390734 8.775419513278761 12.685457838263632 8.743302100947941 1
2 11.200000000000005 11.600000000000005 12.986993255777028 8.306930708308139 13.332195954246695 8.375945330703335 1
3 11.200000000000005 11.600000000000005 12.828109216979083 9.00077673549048 13.037457718366369 9.138971144496272 1
4 11.200000000000005 11.600000000000005 13.227141229156533 8.748742331716883 13.440896169595023 8.9327418530625 1
5 11.200000000000005 11.600000000000005 13.667728738981548 8.64833651244728 13.833367415534344 8.558823971044484 1
6 11.200000000000005 11.600000000000005 16.090345506814693 9.23592386941838 16.736687170015543 9.235923869418963 1
7 11.200000000000005 11.600000000000005 14.297321725887716 9.029807677896027 14.300293393396107 9.045733387880125 1
8 11.200000000000005 11.600000000000005 13.16279346119569 9.539961367855419 13.519514888766757 9.60860489964538 1
9 11.200000000000005 11.600000000000005 9.909762040872101 8.629612497186708 10.255395023352229 8.660438531748571 1
10 11.200000000000005 11.600000000000005 13.61681260343205 9.315122779006238 14.062518970821795 9.514819841628332 1
11 11.200000000000005 11.600000000000005 14.23295536503792 9.572823539793323 14.76103277960177 9.602673219310871 1
12 11.200000000000005 11.600000000000005 13.93585473844108 8.957921362726392 13.965163556294915 8.931425793738624 1
13 11.200000000000005 11.600000000000005 17.522208208074893 9.760456446579031 18.188405789456056 9.789192735593316 1
14 11.200000000000005 11.600000000000005 17.729085078757763 9.196703552098878 18.28226115644636 9.181637112626168 1
15 11.200000000000005 11.600000000000005 15.336764596332436 9.503663264620513 15.9061389941604 9.503663264619474 1
1 11.600000000000005 12.000000000000005 12.685457838263632 8.743302100947941 13.067805120776855 8.744260420918556 1
2 11.600000000000005 12.000000000000005 13.332195954246695 8.375945330703335 13.53755183684527 8.469747300463325 1
3 11.600000000000005 12.000000000000005 13.037457718366369 9.138971144496272 13.231438704271453 9.304551423621284 1
4 11.600000000000005 12.000000000000005 13.440896169595023 8.9327418530625 13.569871798391707 9.025423654209751 1
5 11.600000000000005 12.000000000000005 13.833367415534344 8.558823971044484 14.059020579258338 8.527305565157466 1
6 11.600000000000005 12.000000000000005 16.736687170015543 9.235923869418963 17.392672799489333 9.235923869419233 1
7 11.600000000000005 12.000000000000005 14.300293393396107 9.045733387880125 14.302468013206944 9.05735478969633 1
8 11.600000000000005 12.000000000000005 13.519514888766757 9.60860489964538 14.008850472756004 9.616159228130376 1
9 11.600000000000005 12.000000000000005 10.255395023352229 8.660438531748571 10.601037317757683 8.691160012448846 1
10 11.600000000000005 12.000000000000005 14.062518970821795 9.514819841628332 14.599547628358424 9.607775161157127 1
11 11.600000000000005 12.000000000000005 14.76103277960177 9.602673219310871 15.300099538122417 9.602673219307619 1
12 11.600000000000005 12.000000000000005 13.965163556294915 8.931425793738624 13.971554183030612 8.958336651445588 1
13 11.600000000000005 12.000000000000005 18.188405789456056 9.789192735593316 18.858359545478393 9.802084677984848 1
14 11.600000000000005 12.000000000000005 18.28226115644636 9.181637112626168 18.83588425519717 9.172203850496379 1
15 11.600000000000005 12.000000000000005 15.9061389941604 9.503663264619474 16.488223807593002 9.503663264618197 1
1 12.000000000000005 12.400000000000006 13.067805120776855 8.744260420918556 13.249662731583381 8.775021472832368 1
2 12.000000000000005 12.400000000000006 13.53755183684527 8.469747300463325 13.748928035343074 8.518017279826854 1
3 12.000000000000005 12.400000000000006 13.231438704271453 9.304551423621284 13.523352101309822 9.521771980935316 1
4 12.000000000000005 12.400000000000006 13.569871798391707 9.025423654209751 13.626641923966806 9.081217773792307 1
5 12.000000000000005 12.400000000000006 14.059020579258338 8.527305565157466 14.283413936615409 8.589075254152052 1
6 12.000000000000005 12.400000000000006 17.392672799489333 9.235923869419233 18.052991741525684 9.235923869420507 1
7 12.000000000000005 12.400000000000006 14.302468013206944 9.05735478969633 14.32122987490329 9.10765060164048 1
8 12.000000000000005 12.400000000000006 14.008850472756004 9.616159228130376 14.58545517319683 9.667087342272422 1
9 12.000000000000005 12.400000000000006 10.601037317757683 8.691160012448846 10.946670554957231 8.72198320179136 1
10 12.000000000000005 12.400000000000006 14.599547628358424 9.607775161157127 15.168422720160416 9.607949445961113 1
11 12.000000000000005 12.400000000000006 15.300099538122417 9.602673219307619 15.843300562754816 9.602673219304762 1
12 12.000000000000005 12.400000000000006 13.971554183030612 8.958336651445588 13.971535835040621 8.985535211697654 1
13 12.000000000000005 12.400000000000006 18.858359545478393 9.802084677984848 19.529897205705637 9.805292891357077 1
14 12.000000000000005 12.400000000000006 18.83588425519717 9.172203850496379 19.389725525634493 9.16908186830763 1
15 12.000000000000005 12.400000000000006 16.488223807593002 9.503663264618197 17.07601977783144 9.503663264616522 1
1 12.400000000000006 12.800000000000006 13.249662731583381 8.775021472832368 13.356297275469295 8.743375841319164 1
2 12.400000000000006 12.800000000000006 13.748928035343074 8.518017279826854 13.842485958924913 8.516072248291463 1
3 12.400000000000006 12.800000000000006 13.523352101309822 9.521771980935316 14.004061375745799 9.620333570839508 1
4 12.400000000000006 12.800000000000006 13.626641923966806 9.081217773792307 13.63857286425162 9.108409015187 1
5 12.400000000000006 12.800000000000006 14.283413936615409 8.589075254152052 14.292025485394394 8.675576623949167 1
6 12.400000000000006 12.800000000000006 18.052991741525684 9.235923869420507 18.715257780102952 9.235923869419896 1
7 12.400000000000006 12.800000000000006 14.32122987490329 9.10765060164048 14.497230501484392 9.22067410951469 1
8 12.400000000000006 12.800000000000006 14.58545517319683 9.667087342272422 15.170807570991036 9.678391615939328 1
9 12.400000000000006 12.800000000000006 10.946670554957231 8.72198320179136 11.292298406742152 8.752866728163378 1
10 12.400000000000006 12.800000000000006 15.168422720160416 9.607949445961113 15.746437943277149 9.607956276255145 1
11 12.400000000000006 12.800000000000006 15.843300562754816 9.602673219304762 16.388359245963464 9.602673219302057 1
12 12.400000000000006 12.800000000000006 13.971535835040621 8.985535211697654 13.98817984878655 9.022742458277532 1
13 12.400000000000006 12.800000000000006 19.529897205705637 9.805292891357077 20.20210093722724 9.805407045463753 1
14 12.400000000000006 12.800000000000006 19.389725525634493 9.16908186830763 19.943643222369225 9.168940161318906 1
15 12.400000000000006 12.800000000000006 17.07601977783144 9.503663264616522 17.666381954292184 9.50366326461555 1
1 12.800000000000006 13.200000000000006 13.356297275469295 8.743375841319164 13.43869708312735 8.731719082817651 1
2 12.800000000000006 13.200000000000006 13.842485958924913 8.516072248291463 13.90451413933502 8.549333986500423 1
3 12.800000000000006 13.200000000000006 14.004061375745799 9.620333570839508 14.524753174066923 9.689175283404209 1
4 12.800000000000006 13.200000000000006 13.63857286425162 9.108409015187 13.68267325161756 9.158459259856171 1
5 12.800000000000006 13.200000000000006 14.292025485394394 8.675576623949167 14.291901040340232 8.749659462028738 1
6 12.800000000000006 13.200000000000006 18.715257780102952 9.235923869419896 19.378398706343752 9.23592386941978 1
7 12.800000000000006 13.200000000000006 14.497230501484392 9.22067410951469 14.842869388573208 9.229412405426764 1
8 12.800000000000006 13.200000000000006 15.170807570991036 9.678391615939328 15.754472329884363 9.691846786310288 1
9 12.800000000000006 13.200000000000006 11.292298406742152 8.752866728163378 11.637938241942106 8.78361585867123 1
10 12.800000000000006 13.200000000000006 15.746437943277149 9.607956276255145 16.327688277098886 9.60811558282031 1
11 12.800000000000006 13.200000000000006 16.388359245963464 9.602673219302057 16.934252629731265 9.60267321929847 1
12 12.800000000000006 13.200000000000006 13.98817984878655 9.022742458277532 14.142059669996177 9.149181759544197 1
13 12.800000000000006 13.200000000000006 20.20210093722724 9.805407045463753 20.874599407195923 9.805407045464287 1
14 12.800000000000006 13.200000000000006 19.943643222369225 9.168940161318906 20.497590375437255 9.16894016131922 1
15 12.800000000000006 13.200000000000006 17.666381954292184 9.50366326461555 18.257897202580036 9.503663264614817 1
1 13.200000000000006 13.600000000000007 13.43869708312735 8.731719082817651 13.502613852848452 8.757806942353316 1
2 13.200000000000006 13.600000000000007 13.90451413933502 8.549333986500423 13.947467811144026 8.584240971033768 1
3 13.200000000000006 13.600000000000007 14.524753174066923 9.689175283404209 15.064378975310458 9.772405161901336 1
4 13.200000000000006 13.600000000000007 13.68267325161756 9.158459259856171 13.880210047987998 9.186759616503734 1
5 13.200000000000006 13.600000000000007 14.291901040340232 8.749659462028738 14.28685788150789 8.781303254525742 1
6 13.200000000000006 13.600000000000007 19.378398706343752 9.23592386941978 20.041932745211486 9.235923869419597 1
7 13.200000000000006 13.600000000000007 14.842869388573208 9.229412405426764 15.243230019105884 9.227042638469632 1
8 13.200000000000006 13.600000000000007 15.754472329884363 9.691846786310288 16.327354636925172 9.709583230416692 1
9 13.200000000000006 13.600000000000007 11.637938241942106 8.78361585867123 11.98355945487937 8.814573374457222 1
10 13.200000000000006 13.600000000000007 16.327688277098886 9.60811558282031 16.890107159160745 9.608683820369565 1
11 13.200000000000006 13.600000000000007 16.934252629731265 9.60267321929847 17.4805210688841 9.602673219295808 1
12 13.200000000000006 13.600000000000007 14.142059669996177 9.149181759544197 14.469606430699402 9.26670396370515 1
13 13.200000000000006 13.600000000000007 20.874599407195923 9.805407045464287 21.547230297889886 9.805407045464936 1
14 13.200000000000006 13.600000000000007 20.497590375437255 9.16894016131922 21.051550739018676 9.168940161319698 1
15 13.200000000000006 13.600000000000007 18.257897202580036 9.503663264614817 18.849930559779345 9.503663264614634 1
1 13.600000000000007 14.000000000000007 13.502613852848452 8.757806942353316 13.628174613870405 8.877230252960631 1
2 13.600000000000007 14.000000000000007 13.947467811144026 8.584240971033768 13.986720992686957 8.5869481394709 1
3 13.600000000000007 14.000000000000007 15.064378975310458 9.772405161901336 15.625601156939865 9.821141217237798 1
4 13.600000000000007 14.000000000000007 13.880210047987998 9.186759616503734 14.222940026840615 9.313933023262075 1
5 13.600000000000007 14.000000000000007 14.28685788150789 8.781303254525742 14.2905273061852 8.83035968277986 1
6 13.600000000000007 14.000000000000007 20.041932745211486 9.235923869419597 20.70564342041884 9.235923869419382 1
7 13.600000000000007 14.000000000000007 15.243230019105884 9.227042638469632 15.667739121360137 9.220777448464139 1
8 13.600000000000007 14.000000000000007 16.327354636925172 9.709583230416692 16.878949242606698 9.733590066480632 1
9 13.600000000000007 14.000000000000007 11.98355945487937 8.814573374457222 12.329171568076017 8.845632415703816 1
10 13.600000000000007 14.000000000000007 16.890107159160745 9.608683820369565 17.435535510690165 9.609425490625148 1
11 13.600000000000007 14.000000000000007 17.4805210688841 9.602673219295808 18.026958030760017 9.602673219294761 1
12 13.600000000000007 14.000000000000007 14.469606430699402 9.26670396370515 14.88432461577377 9.279832127167406 1
13 13.600000000000007 14.000000000000007 21.547230297889886 9.805407045464936 22.21992068886596 9.805407045465556 1
14 13.600000000000007 14.000000000000007 21.051550739018676 9.168940161319698 21.605517038447918 9.168940161319904 1
15 13.600000000000007 14.000000000000007 18.849930559779345 9.503663264614634 19.44219671759449 9.503663264614067 1
1 14.000000000000007 14.400000000000007 13.628174613870405 8.877230252960631 13.82646605155337 9.051489193822887 1
2 14.000000000000007 14.400000000000007 13.986720992686957 8.5869481394709 14.038669070027293 8.555095784282054 1
3 14.000000000000007 14.400000000000007 15.625601156939865 9.821141217237798 16.194983824443433 9.834939694243257 1
4 14.000000000000007 14.400000000000007 14.222940026840615 9.313933023262075 14.695447222063954 9.377525662660613 1
5 14.000000000000007 14.400000000000007 14.2905273061852 8.83035968277986 14.293012319069812 8.886495456457475 1
6 14.000000000000007 14.400000000000007 20.70564342041884 9.235923869419382 21.369433463722206 9.235923869418635 1
7 14.000000000000007 14.400000000000007 15.667739121360137 9.220777448464139 16.1031677203472 9.209989129017336 1
8 14.000000000000007 14.400000000000007 16.878949242606698 9.733590066480632 17.429112269558125 9.762261563611707 1
9 14.000000000000007 14.400000000000007 12.329171568076017 8.845632415703816 12.674827835989234 8.876196030841868 1
10 14.000000000000007 14.400000000000007 17.435535510690165 9.609425490625148 17.980255287829813 9.610199802832408 1
11 14.000000000000007 14.400000000000007 18.026958030760017 9.602673219294761 18.573470715036507 9.60267321929247 1
12 14.000000000000007 14.400000000000007 14.88432461577377 9.279832127167406 15.328496522398511 9.279832127163836 1
13 14.000000000000007 14.400000000000007 22.21992068886596 9.805407045465556 22.89263781513396 9.805407045465804 1
14 14.000000000000007 14.400000000000007 21.605517038447918 9.168940161319904 22.159486005034672 9.168940161319414 1
15 14.000000000000007 14.400000000000007 19.44219671759449 9.503663264614067 20.03456747982834 9.503663264613449 1
1 14.400000000000007 14.800000000000008 13.82646605155337 9.051489193822887 13.956015277870334 9.18939582878064 1
2 14.400000000000007 14.800000000000008 14.038669070027293 8.555095784282054 14.091788874051542 8.56305450036427 1
3 14.400000000000007 14.800000000000008 16.194983824443433 9.834939694243257 16.76731629051921 9.836380222281978 1
4 14.400000000000007 14.800000000000008 14.695447222063954 9.377525662660613 15.210703054969972 9.383312112654487 1
5 14.400000000000007 14.800000000000008 14.293012319069812 8.886495456457475 14.294912328431447 8.961300674718494 1
6 14.400000000000007 14.800000000000008 21.369433463722206 9.235923869418635 22.033259169420166 9.235923869422137 1
7 14.400000000000007 14.800000000000008 16.1031677203472 9.209989129017336 16.54364835617307 9.208450770853727 1
8 14.400000000000007 14.800000000000008 17.429112269558125 9.762261563611707 17.985059569154213 9.796401024657204 1
9 14.400000000000007 14.800000000000008 12.674827835989234 8.876196030841868 13.020441288237024 8.907239028798617 1
10 14.400000000000007 14.800000000000008 17.980255287829813 9.610199802832408 18.526332397242705 9.611030285058705 1
11 14.400000000000007 14.800000000000008 18.573470715036507 9.60267321929247 19.12001742359057 9.602673219290459 1
12 14.400000000000007 14.800000000000008 15.328496522398511 9.279832127163836 15.785656462388184 9.279832127161406 1
13 14.400000000000007 14.800000000000008 22.89263781513396 9.805407045465804 23.565366954346423 9.80540704546583 1
14 14.400000000000007 14.800000000000008 22.159486005034672 9.168940161319414 22.713456170052893 9.168940161319219 1
15 14.400000000000007 14.800000000000008 20.03456747982834 9.503663264613449 20.62698524387078 9.503663264612902 1
1 14.800000000000008 15.200000000000008 13.956015277870334 9.18939582878064 14.152116935829488 9.388293486890614 1
2 14.800000000000008 15.200000000000008 14.091788874051542 8.56305450036427 14.153824820492408 8.590070299196292 1
3 14.800000000000008 15.200000000000008 16.76731629051921 9.836380222281978 17.340887769298167 9.836381252428195 1
4 14.800000000000008 15.200000000000008 15.210703054969972 9.383312112654487 15.68807069452995 9.401171100062454 1
5 14.800000000000008 15.200000000000008 14.294912328431447 8.961300674718494 14.29794095308383 8.991996558944013 1
6 14.800000000000008 15.200000000000008 22.033259169420166 9.235923869422137 22.689178983539406 9.239207656486691 1
7 14.800000000000008 15.200000000000008 16.54364835617307 9.208450770853727 16.986337870170246 9.208449312310911 1
8 14.800000000000008 15.200000000000008 17.985059569154213 9.796401024657204 18.547583554836784 9.837896696947489 1
9 14.800000000000008 15.200000000000008 13.020441288237024 8.907239028798617 13.365960814219084 8.939310522993544 1
10 14.800000000000008 15.200000000000008 18.526332397242705 9.611030285058705 19.072928075770886 9.611947514254751 1
11 14.800000000000008 15.200000000000008 19.12001742359057 9.602673219290459 19.66657942023927 9.602673219289388 1
12 14.800000000000008 15.200000000000008 15.785656462388184 9.279832127161406 16.24865230242595 9.279832127161006 1
13 14.800000000000008 15.200000000000008 23.565366954346423 9.80540704546583 24.238101491323224 9.805407045465829 1
14 14.800000000000008 15.200000000000008 22.713456170052893 9.168940161319219 23.267426873561124 9.168940161319178 1
15 14.800000000000008 15.200000000000008 20.62698524387078 9.503663264612902 21.21942412718889 9.503663264612717 1
1 15.200000000000008 15.600000000000009 14.152116935829488 9.388293486890614 14.577282309901019 9.508351336471765 1
2 15.200000000000008 15.600000000000009 14.153824820492408 8.590070299196292 14.218608551098193 8.601668469584505 1
3 15.200000000000008 15.600000000000009 17.340887769298167 9.836381252428195 17.915014399283958 9.836381252428929 1
4 15.200000000000008 15.600000000000009 15.68807069452995 9.401171100062454 16.155670601846488 9.422090692133471 1
5 15.200000000000008 15.600000000000009 14.29794095308383 8.991996558944013 14.296778880432338 9.003289100253914 1
6 15.200000000000008 15.600000000000009 22.689178983539406 9.239207656486691 23.25701753128251 9.255879331807561 1
7 15.200000000000008 15.600000000000009 16.986337870170246 9.208449312310911 17.430017699287294 9.208449312310306 1
8 15.200000000000008 15.600000000000009 18.547583554836784 9.837896696947489 19.11887915339801 9.888587304931898 1
9 15.200000000000008 15.600000000000009 13.365960814219084 8.939310522993544 13.71079977066097 8.970822137376372 1
10 15.200000000000008 15.600000000000009 19.072928075770886 9.611947514254751 19.61956760528029 9.612967556561117 1
11 15.200000000000008 15.600000000000009 19.66657942023927 9.602673219289388 20.2131482863029 9.602673219288503 1
12 15.200000000000008 15.600000000000009 16.24865230242595 9.279832127161006 16.714270393299902 9.279832127161367 1
13 15.200000000000008 15.600000000000009 24.238101491323224 9.805407045465829 24.910838453682892 9.805407045465827 1
14 15.200000000000008 15.600000000000009 23.267426873561124 9.168940161319178 23.821397819029617 9.168940161319167 1
15 15.200000000000008 15.600000000000009 21.21942412718889 9.503663264612717 21.81187250005237 9.503663264612623 1
1 15.600000000000009 16.000000000000007 14.577282309901019 9.508351336471765 15.083497765654576 9.510393985198991 1
2 15.600000000000009 16.000000000000007 14.218608551098193 8.601668469584505 14.285000919458396 8.618715358801639 1
3 15.600000000000009 16.000000000000007 17.915014399283958 9.836381252428929 18.489390470458183 9.836381252428392 1
4 15.600000000000009 16.000000000000007 16.155670601846488 9.422090692133471 16.62765132313322 9.445128703185066 1
5 15.600000000000009 16.000000000000007 14.296778880432338 9.003289100253914 14.312875566420036 9.077896721755653 1
6 15.600000000000009 16.000000000000007 23.25701753128251 9.255879331807561 23.80851980657559 9.274449386919803 1
7 15.600000000000009 16.000000000000007 17.430017699287294 9.208449312310306 17.87414249794728 9.208449312310108 1
8 15.600000000000009 16.000000000000007 19.11887915339801 9.888587304931898 19.70468292217777 9.949613918915473 1
9 15.600000000000009 16.000000000000007 13.71079977066097 8.970822137376372 13.855247027221816 8.997732316599503 1
10 15.600000000000009 16.000000000000007 19.61956760528029 9.612967556561117 20.16754205510064 9.612576975374422 1
11 15.600000000000009 16.000000000000007 20.2131482863029 9.602673219288503 20.759720238940112 9.6026732192881 1
12 15.600000000000009 16.000000000000007 16.714270393299902 9.279832127161367 17.18106671699935 9.279832127161747 1
13 15.600000000000009 16.000000000000007 24.910838453682892 9.805407045465827 25.58357650581844 9.805407045465829 1
14 15.600000000000009 16.000000000000007 23.821397819029617 9.168940161319167 24.375368873215972 9.168940161319181 1
15 15.600000000000009 16.000000000000007 21.81187250005237 9.503663264612623 22.40432513676952 9.503663264612385 1
1 16.000000000000007 16.400000000000006 15.083497765654576 9.510393985198991 15.616144369530636 9.5103939851976 1
2 16.000000000000007 16.400000000000006 14.285000919458396 8.618715358801639 14.289712831438546 8.680189215448195 1
3 16.000000000000007 16.400000000000006 18.489390470458183 9.836381252428392 19.063878624712494 9.83638125242833 1
4 16.000000000000007 16.400000000000006 16.62765132313322 9.445128703185066 17.10355608727846 9.471534731256588 1
5 16.000000000000007 16.400000000000006 14.312875566420036 9.077896721755653 14.464929808372155 9.233967206526323 1
6 16.000000000000007 16.400000000000006 23.80851980657559 9.274449386919803 24.365278830376184 9.29488716804307 1
7 16.000000000000007 16.400000000000006 17.87414249794728 9.208449312310108 18.318467237752632 9.2084493123096 1
8 16.000000000000007 16.400000000000006 19.70468292217777 9.949613918915473 20.316210188728842 10.019116411409312 1
9 16.000000000000007 16.400000000000006 13.855247027221816 8.997732316599503 13.925617968819859 9.02163807162577 1
10 16.000000000000007 16.400000000000006 20.16754205510064 9.612576975374422 20.71738320751097 9.605818072852879 1
11 16.000000000000007 16.400000000000006 20.759720238940112 9.6026732192881 21.30629357848811 9.602673219287674 1
12 16.000000000000007 16.400000000000006 17.18106671699935 9.279832127161747 17.648392463946692 9.27983214277341 1
13 16.000000000000007 16.400000000000006 25.58357650581844 9.805407045465829 25.94156626873334 9.805407045465829 1
14 16.000000000000007 16.400000000000006 24.375368873215972 9.168940161319181 24.929339976253257 9.168940161319192 1
15 16.000000000000007 16.400000000000006 22.40432513676952 9.503663264612385 22.996779689392596 9.503663264612161 1
1 16.400000000000006 16.800000000000004 15.616144369530636 9.5103939851976 16.16065552593278 9.510393985196405 1
2 16.400000000000006 16.800000000000004 14.289712831438546 8.680189215448195 14.293936190593318 8.774544551292472 1
3 16.400000000000006 16.800000000000004 19.063878624712494 9.83638125242833 19.638417141332987 9.83638125242757 1
4 16.400000000000006 16.800000000000004 17.10355608727846 9.471534731256588 17.583090654486497 9.502179147801423 1
5 16.400000000000006 16.800000000000004 14.464929808372155 9.233967206526323 14.821197372748125 9.240240699166996 1
6 16.400000000000006 16.800000000000004 24.365278830376184 9.29488716804307 24.925193491202762 9.31893079840299 1
7 16.400000000000006 16.800000000000004 18.318467237752632 9.2084493123096 18.762881817248065 9.208449312309497 1
8 16.400000000000006 16.800000000000004 20.316210188728842 10.019116411409312 20.96169802177267 10.08882618080469 1
9 16.400000000000006 16.800000000000004 13.925617968819859 9.02163807162577 14.059414611720538 9.119889472740459 1
10 16.400000000000006 16.800000000000004 20.71738320751097 9.605818072852879 21.265899558355112 9.589062541181882 1
11 16.400000000000006 16.800000000000004 21.30629357848811 9.602673219287674 21.852867541217666 9.602673219287135 1
12 16.400000000000006 16.800000000000004 17.648392463946692 9.27983214277341 18.1159560951542 9.27985933811535 1
14 16.400000000000006 16.800000000000004 24.929339976253257 9.168940161319192 25.483311101240766 9.168940161319188 1
15 16.400000000000006 16.800000000000004 22.996779689392596 9.503663264612161 23.58923510289098 9.503663264612035 1
1 16.800000000000004 17.200000000000003 16.16065552593278 9.510393985196405 16.71049777170846 9.510393985195343 1
2 16.800000000000004 17.200000000000003 14.293936190593318 8.774544551292472 14.28981071849663 8.806753978306688 1
3 16.800000000000004 17.200000000000003 19.638417141332987 9.83638125242757 20.21297828723297 9.83638125242685 1
4 16.800000000000004 17.200000000000003 17.583090654486497 9.502179147801423 18.067077581130818 9.53772654460163 1
5 16.800000000000004 17.200000000000003 14.821197372748125 9.240240699166996 15.228693621885899 9.240257882319291 1
6 16.800000000000004 17.200000000000003 24.925193491202762 9.31893079840299 25.44887085681829 9.359868898981704 1
7 16.800000000000004 17.200000000000003 18.762881817248065 9.208449312309497 19.20733676433562 9.208449312309646 1
8 16.800000000000004 17.200000000000003 20.96169802177267 10.08882618080469 21.632716430920652 10.139776512659743 1
9 16.800000000000004 17.200000000000003 14.059414611720538 9.119889472740459 14.281514296547176 9.259132332824624 1
10 16.800000000000004 17.200000000000003 21.265899558355112 9.589062541181882 21.811365685252333 9.565134530911045 1
11 16.800000000000004 17.200000000000003 21.852867541217666 9.602673219287135 22.399441783960867 9.602673219286855 1
12 16.800000000000004 17.200000000000003 18.1159560951542 9.27985933811535 18.583625731648397 9.280377996397048 1
14 16.800000000000004 17.200000000000003 25.483311101240766 9.168940161319188 25.915276693308677 9.168940161319188 1
15 16.800000000000004 17.200000000000003 23.58923510289098 9.503663264612035 24.18169090320574 9.503663264612017 1
1 17.200000000000003 17.6 16.71049777170846 9.510393985195343 17.262735430186982 9.510393985193737 1
2 17.200000000000003 17.6 14.28981071849663 8.806753978306688 14.287605116928537 8.847210849607055 1
3 17.200000000000003 17.6 20.21297828723297 9.83638125242685 20.787549601122976 9.836381252427573 1
4 17.200000000000003 17.6 18.067077581130818 9.53772654460163 18.556318113254065 9.579046802217126 1
5 17.200000000000003 17.6 15.228693621885899 9.240257882319291 15.659153164127378 9.240270140046631 1
6 17.200000000000003 17.6 25.44887085681829 9.359868898981704 25.91931508815717 9.359868898981704 1
7 17.200000000000003 17.6 19.20733676433562 9.208449312309646 19.65180984975029 9.208449312309671 1
8 17.200000000000003 17.6 21.632716430920652 10.139776512659743 22.314214236302707 10.164231397712735 1
9 17.200000000000003 17.6 14.281514296547176 9.259132332824624 14.585748783432464 9.317958382041525 1
10 17.200000000000003 17.6 21.811365685252333 9.565134530911045 22.356147428398515 9.544133824689954 1
11 17.200000000000003 17.6 22.399441783960867 9.602673219286855 22.9460161525223 9.602673219286634 1
12 17.200000000000003 17.6 18.583625731648397 9.280377996397048 19.050111936564505 9.282788935090172 1
15 17.200000000000003 17.6 24.18169090320574 9.503663264612017 24.774146877328292 9.503663264612017 1
1 17.6 18.0 17.262735430186982 9.510393985193737 17.816049415748772 9.510393985193003 1
2 17.6 18.0 14.287605116928537 8.847210849607055 14.293110996309922 8.953392738483725 1
3 17.6 18.0 20.787549601122976 9.836381252427573 21.362125483780204 9.836381252427758 1
4 17.6 18.0 18.556318113254065 9.579046802217126 19.049033792036226 9.629089485064402 1
5 17.6 18.0 15.659153164127378 9.240270140046631 16.09993076753195 9.240270140045913 1
7 17.6 18.0 19.65180984975029 9.208449312309671 20.09629108523142 9.208449312309444 1
8 17.6 18.0 22.314214236302707 10.164231397712735 23.000001496638575 10.170631798949369 1
9 17.6 18.0 14.585748783432464 9.317958382041525 14.916607614248464 9.321583738103808 1
10 17.6 18.0 22.356147428398515 9.544133824689954 22.902761366981412 9.531530466163346 1
11 17.6 18.0 22.9460161525223 9.602673219286634 23.49259057761745 9.602673219286476 1
12 17.6 18.0 19.050111936564505 9.282788935090172 19.507397664868368 9.286308157844523 1
15 17.6 18.0 24.774146877328292 9.503663264612017 25.36660292954763 9.503663264612014 1
1 18.0 18.4 17.816049415748772 9.510393985193003 18.369847028347923 9.510393985192726 1
2 18.0 18.4 14.293110996309922 8.953392738483725 14.294061599797411 9.010053924146252 1
3 18.0 18.4 21.362125483780204 9.836381252427758 21.936703419325806 9.836381252428222 1
4 18.0 18.4 19.049033792036226 9.629089485064402 19.54908414513235 9.689079293709948 1
5 18.0 18.4 16.09993076753195 9.240270140045913 16.54534459472626 9.24027014004629 1
7 18.0 18.4 20.09629108523142 9.208449312309444 20.540775982789402 9.208449312309545 1
8 18.0 18.4 23.000001496638575 10.170631798949369 23.687559849407602 10.170885149413529 1
9 18.0 18.4 14.916607614248464 9.321583738103808 15.25638372291692 9.321583738103852 1
10 18.0 18.4 22.902761366981412 9.531530466163346 23.45065955562687 9.523472339338978 1
11 18.0 18.4 23.49259057761745 9.602673219286476 24.039165028113644 9.602673006392532 1
12 18.0 18.4 19.507397664868368 9.286308157844523 19.95606891826116 9.287057142849076 1
15 18.0 18.4 25.36660292954763 9.503663264612014 25.894549646123103 9.503663264612014 1
1 18.4 18.799999999999997 18.369847028347923 9.510393985192726 18.92386194805253 9.510393985192522 1
2 18.4 18.799999999999997 14.294061599797411 9.010053924146252 14.299112225752246 9.048651044363615 1
3 18.4 18.799999999999997 21.936703419325806 9.836381252428222 22.511282277291365 9.836381252428584 1
4 18.4 18.799999999999997 19.54908414513235 9.689079293709948 20.06831570816357 9.752980569511024 1
5 18.4 18.799999999999997 16.54534459472626 9.24027014004629 16.992841606470193 9.240270140046736 1
7 18.4 18.799999999999997 20.540775982789402 9.208449312309545 20.985262525820563 9.20844931230942 1
8 18.4 18.799999999999997 23.687559849407602 10.170885149413529 24.375817434011456 10.178746196249016 1
9 18.4 18.799999999999997 15.25638372291692 9.321583738103852 15.600140529843802 9.321583738103806 1
10 18.4 18.799999999999997 23.45065955562687 9.523472339338978 23.99847086126437 9.514845744153417 1
11 18.4 18.799999999999997 24.039165028113644 9.602673006392532 24.58572368405332 9.59963644211954 1
12 18.4 18.799999999999997 19.95606891826116 9.287057142849076 20.401489667690242 9.281687499100236 1
1 18.799999999999997 19.199999999999996 18.92386194805253 9.510393985192522 19.477974508329577 9.510393985191971 1
2 18.799999999999997 19.199999999999996 14.299112225752246 9.048651044363615 14.320138793093777 9.109763788438286 1
3 18.799999999999997 19.199999999999996 22.511282277291365 9.836381252428584 23.08586154971927 9.83638125242882 1
4 18.799999999999997 19.199999999999996 20.06831570816357 9.752980569511024 20.609305728709153 9.80911567867949 1
5 18.799999999999997 19.199999999999996 16.992841606470193 9.240270140046736 17.441274636074592 9.240270140047016 1
7 18.799999999999997 19.199999999999996 20.985262525820563 9.20844931230942 21.429749808196824 9.208449312309273 1
8 18.799999999999997 19.199999999999996 24.375817434011456 10.178746196249016 25.06414216430743 10.20099799806529 1
9 18.799999999999997 19.199999999999996 15.600140529843802 9.321583738103806 15.945685946746538 9.321583738104025 1
10 18.799999999999997 19.199999999999996 23.99847086126437 9.514845744153417 24.54505207513468 9.505949836008103 1
11 18.799999999999997 19.199999999999996 24.58572368405332 9.59963644211954 25.132168739430508 9.587787582879123 1
12 18.799999999999997 19.199999999999996 20.401489667690242 9.281687499100236 20.844127622494 9.269787340291838 1
1 19.199999999999996 19.599999999999994 19.477974508329577 9.510393985191971 20.032130942551206 9.510393985191293 1
2 19.199999999999996 19.599999999999994 14.320138793093777 9.109763788438286 14.522695231349726 9.230745603331176 1
3 19.199999999999996 19.599999999999994 23.08586154971927 9.83638125242882 23.660441008382236 9.836381252428868 1
4 19.199999999999996 19.599999999999994 20.609305728709153 9.80911567867949 21.162032043543604 9.846726345981192 1
5 19.199999999999996 19.599999999999994 17.441274636074592 9.240270140047016 17.89012825718838 9.240270140048285 1
7 19.199999999999996 19.599999999999994 21.429749808196824 9.208449312309273 21.8742374227914 9.208449312309131 1
8 19.199999999999996 19.599999999999994 25.06414216430743 10.20099799806529 25.75275580416058 10.211534120031706 1
9 19.199999999999996 19.599999999999994 15.945685946746538 9.321583738104025 16.29203506003289 9.321583738103831 1
10 19.199999999999996 19.599999999999994 24.54505207513468 9.505949836008103 25.091150903381962 9.497281326283437 1
11 19.199999999999996 19.599999999999994 25.132168739430508 9.587787582879123 25.678678320825185 9.579685426357937 1
12 19.199999999999996 19.599999999999994 20.844127622494 9.269787340291838 21.28415585116701 9.255857812736268 1
1 19.599999999999994 19.999999999999993 20.032130942551206 9.510393985191293 20.586307090744338 9.51039398519069 1
2 19.599999999999994 19.999999999999993 14.522695231349726 9.230745603331176 14.957735742278976 9.234806494201589 1
3 19.599999999999994 19.999999999999993 23.660441008382236 9.836381252428868 24.235020550726592 9.83638125242887 1
4 19.599999999999994 19.999999999999993 21.162032043543604 9.846726345981192 21.719598202861363 9.86568989137461 1
5 19.599999999999994 19.999999999999993 17.89012825718838 9.240270140048285 18.339170863566896 9.240270140048086 1
7 19.599999999999994 19.999999999999993 21.8742374227914 9.208449312309131 22.31872518666232 9.208449312308911 1
8 19.599999999999994 19.999999999999993 25.75275580416058 10.211534120031706 25.950901182940978 10.214827010484992 1
9 19.599999999999994 19.999999999999993 16.29203506003289 9.321583738103831 16.638745299900325 9.321583738103628 1
10 19.599999999999994 19.999999999999993 25.091150903381962 9.497281326283437 25.4955046837889 9.465700244780345 1
11 19.599999999999994 19.999999999999993 25.678678320825185 9.579685426357937 25.938678058025495 9.576466075850567 1
12 19.599999999999994 19.999999999999993 21.28415585116701 9.255857812736268 21.724251332365935 9.245722566814116 1
1 19.999999999999993 20.39999999999999 20.586307090744338 9.51039398519069 21.14049209700859 9.510393985190465 1
2 19.999999999999993 20.39999999999999 14.957735742278976 9.234806494201589 15.472710197509366 9.236197767577899 1
3 19.999999999999993 20.39999999999999 24.235020550726592 9.83638125242887 24.809600130671477 9.836381252428868 1
4 19.999999999999993 20.39999999999999 21.719598202861363 9.86568989137461 22.27919261708312 9.871969319288272 1
5 19.999999999999993 20.39999999999999 18.339170863566896 9.240270140048086 18.788298386620603 9.240270140047695 1
7 19.999999999999993 20.39999999999999 22.31872518666232 9.208449312308911 22.763213017607523 9.20844931230895 1
9 19.999999999999993 20.39999999999999 16.638745299900325 9.321583738103628 16.98561780463339 9.321583738103561 1
10 19.999999999999993 20.39999999999999 25.4955046837889 9.465700244780345 25.908698892762946 9.465700244780345 1
12 19.999999999999993 20.39999999999999 21.724251332365935 9.245722566814116 22.166557783866256 9.24225560134194 1
1 20.39999999999999 20.79999999999999 21.14049209700859 9.510393985190465 21.694681083573748 9.510393985190387 1
2 20.39999999999999 20.79999999999999 15.472710197509366 9.236197767577899 16.02359425406663 9.236297573984238 1
3 20.39999999999999 20.79999999999999 24.809600130671477 9.836381252428868 25.384179727511842 9.836381252428874 1
4 20.39999999999999 20.79999999999999 22.27919261708312 9.871969319288272 22.839604230313192 9.872641217662236 1
5 20.39999999999999 20.79999999999999 18.788298386620603 9.240270140047695 19.23746406627916 9.240270140047707 1
7 20.39999999999999 20.79999999999999 22.763213017607523 9.20844931230895 23.207700878692002 9.208449312308923 1
9 20.39999999999999 20.79999999999999 16.98561780463339 9.321583738103561 17.332563221740205 9.321583738103147 1
12 20.39999999999999 20.79999999999999 22.166557783866256 9.24225560134194 22.61104514723304 9.243919782798837 1
1 20.79999999999999 21.19999999999999 21.694681083573748 9.510393985190387 22.248871858347023 9.510393985190179 1
2 20.79999999999999 21.19999999999999 16.02359425406663 9.236297573984238 16.590610451151424 9.236297573984665 1
3 20.79999999999999 21.19999999999999 25.384179727511842 9.836381252428874 25.894731771591456 9.836381252428874 1
4 20.79999999999999 21.19999999999999 22.839604230313192 9.872641217662236 23.400365446974654 9.872641677978674 1
5 20.79999999999999 21.19999999999999 19.23746406627916 9.240270140047707 19.686646888347823 9.240270140047675 1
7 20.79999999999999 21.19999999999999 23.207700878692002 9.208449312308923 23.652188753316988 9.208449312308847 1
9 20.79999999999999 21.19999999999999 17.332563221740205 9.321583738103147 17.679541395792196 9.321583738103216 1
12 20.79999999999999 21.19999999999999 22.61104514723304 9.243919782798837 23.056089410600546 9.24663239183826 1
1 21.19999999999999 21.599999999999987 22.248871858347023 9.510393985190179 22.803063436767722 9.510393985189936 1
2 21.19999999999999 21.599999999999987 16.590610451151424 9.236297573984665 17.16487663484734 9.236297573984913 1
4 21.19999999999999 21.599999999999987 23.400365446974654 9.872641677978674 23.961283422829997 9.872641688073779 1
5 21.19999999999999 21.599999999999987 19.686646888347823 9.240270140047675 20.135837414471517 9.240270140047393 1
7 21.19999999999999 21.599999999999987 23.652188753316988 9.208449312308847 24.096676634027283 9.20844930656697 1
9 21.19999999999999 21.599999999999987 17.679541395792196 9.321583738103216 18.026534291304376 9.321583738103486 1
12 21.19999999999999 21.599999999999987 23.056089410600546 9.24663239183826 23.500970867154173 9.249586916298695 1
1 21.599999999999987 21.999999999999986 22.803063436767722 9.510393985189936 23.357255241583115 9.510488377583622 1
2 21.599999999999987 21.999999999999986 17.16487663484734 9.236297573984913 17.742400097922037 9.236229777891625 1
4 21.599999999999987 21.999999999999986 23.961283422829997 9.872641688073779 24.522271828290002 9.872660209927542 1
5 21.599999999999987 21.999999999999986 20.135837414471517 9.240270140047393 20.585031401940974 9.240270140047263 1
7 21.599999999999987 21.999999999999986 24.096676634027283 9.20844930656697 24.54116451711486 9.208436267716198 1
9 21.599999999999987 21.999999999999986 18.026534291304376 9.321583738103486 18.373533801003987 9.321583738103353 1
12 21.599999999999987 21.999999999999986 23.500970867154173 9.249586916298695 23.9457221633871 9.252781816787373 1
1 21.999999999999986 22.399999999999984 23.357255241583115 9.510488377583622 23.8926334304242 9.535034167489265 1
2 21.999999999999986 22.399999999999984 17.742400097922037 9.236229777891625 18.201058472293887 9.213016646717005 1
4 21.999999999999986 22.399999999999984 24.522271828290002 9.872660209927542 25.08329187996553 9.872692228899913 1
5 21.999999999999986 22.399999999999984 20.585031401940974 9.240270140047263 21.034226944719066 9.240270140046743 1
7 21.999999999999986 22.399999999999984 24.54116451711486 9.208436267716198 24.985652400794066 9.208409396672138 1
9 21.999999999999986 22.399999999999984 18.373533801003987 9.321583738103353 18.72053628269875 9.321583738102719 1
12 21.999999999999986 22.399999999999984 23.9457221633871 9.252781816787373 24.390462622748924 9.256226204041942 1
1 22.399999999999984 22.799999999999983 23.8926334304242 9.535034167489265 24.37787955377865 9.59251345086035 1
2 22.399999999999984 22.799999999999983 18.201058472293887 9.213016646717005 18.548750213318264 9.173559446079858 1
4 22.399999999999984 22.799999999999983 25.08329187996553 9.872692228899913 25.644326154522012 9.872692634895062 1
5 22.399999999999984 22.799999999999983 21.034226944719066 9.240270140046743 21.483423186434848 9.240270140046299 1
7 22.399999999999984 22.799999999999983 24.985652400794066 9.208409396672138 25.430140286017984 9.208408976050451 1
9 22.399999999999984 22.799999999999983 18.72053628269875 9.321583738102719 19.067540099973712 9.321583738102648 1
12 22.399999999999984 22.799999999999983 24.390462622748924 9.256226204041942 24.836577449562412 9.258444894519537 1
1 22.799999999999983 23.19999999999998 24.37787955377865 9.59251345086035 24.870143961618446 9.653158123579173 1
2 22.799999999999983 23.19999999999998 18.548750213318264 9.173559446079858 18.903608529249855 9.130318289116207 1
4 22.799999999999983 23.19999999999998 25.644326154522012 9.872692634895062 25.935456438847336 9.872693061969851 1
5 22.799999999999983 23.19999999999998 21.483423186434848 9.240270140046299 21.932619742196522 9.240270140046258 1
7 22.799999999999983 23.19999999999998 25.430140286017984 9.208408976050451 25.85559132595099 9.208408373606321 1
9 22.799999999999983 23.19999999999998 19.067540099973712 9.321583738102648 19.414544517350063 9.32158373810252 1
12 22.799999999999983 23.19999999999998 24.836577449562412 9.258444894519537 25.282157120235425 9.256840477907724 1
1 23.19999999999998 23.59999999999998 24.870143961618446 9.653158123579173 25.3857114750515 9.709855940739628 1
2 23.19999999999998 23.59999999999998 18.903608529249855 9.130318289116207 19.273175802741427 9.077407188168245 1
5 23.19999999999998 23.59999999999998 21.932619742196522 9.240270140046258 22.3818164390769 9.240270140046153 1
9 23.19999999999998 23.59999999999998 19.414544517350063 9.32158373810252 19.76154920438614 9.321583738102396 1
12 23.19999999999998 23.59999999999998 25.282157120235425 9.256840477907724 25.74167398258641 9.24715939006548 1
1 23.59999999999998 23.99999999999998 25.3857114750515 9.709855940739628 25.875195950603135 9.785341249232513 1
2 23.59999999999998 23.99999999999998 19.273175802741427 9.077407188168245 19.661892259428956 9.009141252246556 1
5 23.59999999999998 23.99999999999998 22.3818164390769 9.240270140046153 22.831013199357212 9.240270140046313 1
9 23.59999999999998 23.99999999999998 19.76154920438614 9.321583738102396 20.10855201401093 9.322320751694301 1
12 23.59999999999998 23.99999999999998 25.74167398258641 9.24715939006548 25.940849938507192 9.221089354558465 1
2 23.99999999999998 24.399999999999977 19.661892259428956 9.009141252246556 20.087972159040916 8.922403383920663 1
5 23.99999999999998 24.399999999999977 22.831013199357212 9.240270140046313 23.280209988130245 9.240270140046265 1
9 23.99999999999998 24.399999999999977 20.10855201401093 9.322320751694301 20.455471152242385 9.329520685667891 1
2 24.399999999999977 24.799999999999976 20.087972159040916 8.922403383920663 20.580904568330983 8.829416177773137 1
5 24.399999999999977 24.799999999999976 23.280209988130245 9.240270140046265 23.729406789704562 9.240270140046162 1
9 24.399999999999977 24.799999999999976 20.455471152242385 9.329520685667891 20.801948120502015 9.348370142256536 1
2 24.799999999999976 25.199999999999974 20.580904568330983 8.829416177773137 21.127161562393184 8.773529002140132 1
5 24.799999999999976 25.199999999999974 23.729406789704562 9.240270140046162 24.178603597031177 9.240270140046146 1
9 24.799999999999976 25.199999999999974 20.801948120502015 9.348370142256536 21.14822219326642 9.370976907131343 1
2 25.199999999999974 25.599999999999973 21.127161562393184 8.773529002140132 21.693367245969014 8.761625783730366 1
5 25.199999999999974 25.599999999999973 24.178603597031177 9.240270140046146 24.627800406942526 9.240270140046142 1
9 25.199999999999974 25.599999999999973 21.14822219326642 9.370976907131343 21.495089113881914 9.379252110574365 1
2 25.599999999999973 25.99999999999997 21.693367245969014 8.761625783730366 22.267356518376065 8.761570573200428 1
5 25.599999999999973 25.99999999999997 24.627800406942526 9.240270140046142 25.076997218015354 9.240270140046148 1
9 25.599999999999973 25.99999999999997 21.495089113881914 9.379252110574365 21.84209398397861 9.379311426447737 1
2 25.99999999999997 26.39999999999997 22.267356518376065 8.761570573200428 22.84475564176616 8.76157054625488 1
5 25.99999999999997 26.39999999999997 25.076997218015354 9.240270140046148 25.52619402961009 9.24027014004615 1
9 25.99999999999997 26.39999999999997 21.84209398397861 9.379311426447737 22.1890988902191 9.379311426447794 1
2 26.39999999999997 26.79999999999997 22.84475564176616 8.76157054625488 23.423686923790893 8.761570534074405 1
5 26.39999999999997 26.79999999999997 25.52619402961009 9.24027014004615 25.899792643458152 9.24027014004615 1
9 26.39999999999997 26.79999999999997 22.1890988902191 9.379311426447794 22.536103796907717 9.379311426447765 1
2 26.79999999999997 27.199999999999967 23.423686923790893 8.761570534074405 24.00330672892569 8.761570530799958 1
9 26.79999999999997 27.199999999999967 22.536103796907717 9.379311426447765 22.883108703797713 9.379311426447659 1
2 27.199999999999967 27.599999999999966 24.00330672892569 8.761570530799958 24.583235889272036 8.761570530402569 1
9 27.199999999999967 27.599999999999966 22.883108703797713 9.379311426447659 23.230113610778186 9.379311426447703 1
2 27.599999999999966 27.999999999999964 24.583235889272036 8.761570530402569 25.16330405588943 8.761570530391197 1
9 27.599999999999966 27.999999999999964 23.230113610778186 9.379311426447703 23.577118517799317 9.379311426447789 1
2 27.999999999999964 28.399999999999963 25.16330405588943 8.761570530391197 25.743319097246562 8.761570530391152 1
9 27.999999999999964 28.399999999999963 23.577118517799317 9.379311426447789 23.924123424838715 9.379311426447813 1
2 28.399999999999963 28.79999999999996 25.743319097246562 8.761570530391152 25.9450251179545 8.761570530391152 1
9 28.399999999999963 28.79999999999996 23.924123424838715 9.379311426447813 24.271128331886324 9.379311426447801 1
9 28.79999999999996 29.19999999999996 24.271128331886324 9.379311426447801 24.61813323893762 9.379311426447792 1
9 29.19999999999996 29.59999999999996 24.61813323893762 9.379311426447792 24.965138145990576 9.379311426447794 1
9 29.59999999999996 29.999999999999957 24.965138145990576 9.379311426447794 25.312143053044277 9.379311426447794 1
