pedestrianId simTime endTime-PID1 startX-PID1 startY-PID1 endX-PID1 endY-PID1 targetId-PID2
1 0.4 0.8767939310637305 1.201 7.401 1.3366551658751966 6.631661324034772 1
2 0.4 0.9161073356437194 1.6030000000000002 7.401 2.04438168988788 6.636504487583582 1
3 0.4 0.9224916211124152 2.005 7.401 2.6118342224062756 6.891805627793142 1
4 0.4 0.9366119323231096 2.407 7.401 3.0463602658635986 6.864513036724446 1
5 0.4 0.991166167987409 2.809 7.401 2.130878283789387 7.154183880089824 1
6 0.4 0.9253489215248804 3.2110000000000003 7.401 3.824598087944248 6.886130070714898 1
7 0.4 0.9374223889322655 3.613 7.401 4.312520591007455 7.401 1
8 0.4 1.0996199133556368 1.201 7.803 1.0849731396436222 7.144978976273552 1
9 0.4 0.9579930638908233 1.6030000000000002 7.803 2.0000578714956516 8.490724406975621 1
10 0.4 0.9171426473271159 2.005 7.803 2.4399890056149243 8.556423058458913 1
11 0.4 0.9305666333539495 2.407 7.803 3.0166911435440538 8.31459161367987 1
12 0.4 1.0156439347016355 2.809 7.803 3.438301400273162 8.331046572868555 1
13 0.4 0.9655598866487801 3.2110000000000003 7.803 3.936379069139621 8.067016389726547 1
14 0.4 0.9036626836995109 3.613 7.803 4.363082231010646 8.07600760533986 1
15 0.4 1.0021351910044445 1.201 8.205 1.3288015263519173 8.929798472919021 1
1 0.8767939310637305 1.353587862127461 1.3366551658751966 6.631661324034772 1.7272586484392152 5.955116246620547 1
14 0.9036626836995109 1.4073253673990216 4.363082231010646 8.07600760533986 5.113164462021291 8.34901521067972 1
2 0.9161073356437194 1.4322146712874386 2.04438168988788 6.636504487583582 2.7206176715540287 6.069075124778711 1
10 0.9171426473271159 1.4342852946542317 2.4399890056149243 8.556423058458913 2.8749780112298486 9.309846116917825 1
3 0.9224916211124152 1.4449832422248305 2.6118342224062756 6.891805627793142 3.2186684448125518 7.401 1
6 0.9253489215248804 1.4506978430497606 3.824598087944248 6.886130070714898 4.5772875703219675 6.612173503484172 1
11 0.9305666333539495 1.4611332667078991 3.0166911435440538 8.31459161367987 3.6263822870881075 8.826183227359738 1
4 0.9366119323231096 1.473223864646219 3.0463602658635986 6.864513036724446 3.6857205317271973 6.328026073448893 1
7 0.9374223889322655 1.474844777864531 4.312520591007455 7.401 5.01204118201491 7.401 1
9 0.9579930638908233 1.5159861277816464 2.0000578714956516 8.490724406975621 2.746282575234497 8.219120826740566 1
13 0.9655598866487801 1.53111977329756 3.936379069139621 8.067016389726547 4.527713504228075 8.563204896111694 1
5 0.991166167987409 1.5823323359748178 2.130878283789387 7.154183880089824 2.809 6.907367760179647 1
15 1.0021351910044445 1.604270382008889 1.3288015263519173 8.929798472919021 2.020396179699916 9.181518340915344 1
12 1.0156439347016355 1.631287869403271 3.438301400273162 8.331046572868555 4.067602800546323 7.802999999999999 1
8 1.0996199133556368 1.7992398267112737 1.0849731396436222 7.144978976273552 1.7128494925931583 7.3735072795468035 1
1 1.353587862127461 1.8303817931911917 1.7272586484392152 5.955116246620547 2.325697903001389 5.452966088835421 1
14 1.4073253673990216 1.9109880510985324 5.113164462021291 8.34901521067972 5.911385299791962 8.34901521067972 1
2 1.4322146712874386 1.948322006931158 2.7206176715540287 6.069075124778711 3.396853653220177 5.5016457619738395 1
10 1.4342852946542317 1.9514279419813476 2.8749780112298486 9.309846116917825 3.5414198323681743 9.869057203236109 1
3 1.4449832422248305 1.9674748633372459 3.2186684448125518 7.401 3.9630608178108973 7.130063333613817 1
6 1.4506978430497606 1.976046764574641 4.5772875703219675 6.612173503484172 5.329977052699688 6.338216936253446 1
11 1.4611332667078991 1.9916999000618487 3.6263822870881075 8.826183227359738 4.236073430632161 9.337774841039607 1
4 1.473223864646219 2.0098357969693286 3.6857205317271973 6.328026073448893 4.470012003654794 6.04256732267842 1
7 1.474844777864531 2.0122671667967964 5.01204118201491 7.401 5.711561773022365 7.401 1
9 1.5159861277816464 2.0739791916724695 2.746282575234497 8.219120826740566 3.3546105273462823 8.729568586992395 1
13 1.53111977329756 2.09667965994634 4.527713504228075 8.563204896111694 5.253092573367695 8.827221285838242 1
5 1.5823323359748178 2.173498503962227 2.809 6.907367760179647 3.4871217162106127 6.66055164026947 1
15 1.604270382008889 2.2064055730133334 2.020396179699916 9.181518340915344 2.584189306695998 9.654596945838042 1
12 1.631287869403271 2.2469318041049067 4.067602800546323 7.802999999999999 4.889097435649918 7.802999999999999 1
8 1.7992398267112737 2.4988597400669104 1.7128494925931583 7.3735072795468035 2.3810215512652952 7.3735072795468035 1
1 1.8303817931911917 2.3071757242549222 2.325697903001389 5.452966088835421 2.7163013855654077 6.129511166249645 1
14 1.9109880510985324 2.4146507347980433 5.911385299791962 8.34901521067972 6.709606137562633 8.34901521067972 1
2 1.948322006931158 2.4644293425748773 3.396853653220177 5.5016457619738395 4.2263798870954865 5.199722904300282 1
10 1.9514279419813476 2.4685705893084635 3.5414198323681743 9.869057203236109 4.2078616535065 10.428268289554392 1
3 1.9674748633372459 2.489966484449661 3.9630608178108973 7.130063333613817 4.755226635156335 7.130063333613817 1
6 1.976046764574641 2.5013956860995212 5.329977052699688 6.338216936253446 6.130972469422457 6.338216936253446 1
11 1.9916999000618487 2.5222665334157983 4.236073430632161 9.337774841039607 4.98397033621403 9.609987052971208 1
4 2.0098357969693286 2.546447729292438 4.470012003654794 6.04256732267842 5.30463755522256 6.04256732267842 1
7 2.0122671667967964 2.5496895557290618 5.711561773022365 7.401 6.41108236402982 7.401 1
9 2.0739791916724695 2.6319722555632925 3.3546105273462823 8.729568586992395 4.148726270337584 8.729568586992395 1
13 2.09667965994634 2.6622395465951203 5.253092573367695 8.827221285838242 5.978471642507316 9.09123767556479 1
5 2.173498503962227 2.764664671949636 3.4871217162106127 6.66055164026947 4.165243432421225 6.413735520359293 1
15 2.2064055730133334 2.8085407640177777 2.584189306695998 9.654596945838042 3.3201689643521215 9.654596945838042 1
12 2.2469318041049067 2.8625757388065423 4.889097435649918 7.802999999999999 5.661049882271979 8.0839677128394 1
1 2.3071757242549222 2.7839696553186526 2.7163013855654077 6.129511166249645 3.3147406401275816 6.631661324034772 1
14 2.4146507347980433 2.9183134184975543 6.709606137562633 8.34901521067972 7.5078269753333045 8.34901521067972 1
2 2.4644293425748773 2.9805366782185967 4.2263798870954865 5.199722904300282 5.055906120970796 4.897800046626725 1
10 2.4685705893084635 2.985713236635579 4.2078616535065 10.428268289554392 5.025373570905189 10.725818293645405 1
3 2.489966484449661 3.0124581055620765 4.755226635156335 7.130063333613817 5.547392452501773 7.130063333613817 1
8 2.4988597400669104 3.198479653422547 2.3810215512652952 7.3735072795468035 3.008897904214831 7.602035582820055 1
6 2.5013956860995212 3.0267446076244013 6.130972469422457 6.338216936253446 6.931967886145227 6.338216936253446 1
11 2.5222665334157983 3.052833166769748 4.98397033621403 9.609987052971208 5.731867241795899 9.882199264902809 1
4 2.546447729292438 3.0830596616155477 5.30463755522256 6.04256732267842 6.139263106790326 6.04256732267842 1
7 2.5496895557290618 3.087111944661327 6.41108236402982 7.401 7.110602955037275 7.401 1
9 2.6319722555632925 3.1899653194541155 4.148726270337584 8.729568586992395 4.89495097407643 9.00117216722745 1
13 2.6622395465951203 3.2277994332439004 5.978471642507316 9.09123767556479 6.750403924504968 9.09123767556479 1
5 2.764664671949636 3.3558308399370453 4.165243432421225 6.413735520359293 4.886885489845778 6.413735520359293 1
1 2.7839696553186526 3.260763586382383 3.3147406401275816 6.631661324034772 4.048835060564953 6.898849842214873 1
15 2.8085407640177777 3.410675955022222 3.3201689643521215 9.654596945838042 4.056148622008245 9.654596945838042 1
12 2.8625757388065423 3.478219673508178 5.661049882271979 8.0839677128394 6.482544517375574 8.0839677128394 1
14 2.9183134184975543 3.421976102197065 7.5078269753333045 8.34901521067972 8.306047813103977 8.34901521067972 1
2 2.9805366782185967 3.496644013862316 5.055906120970796 4.897800046626725 5.938669500746556 4.897800046626725 1
10 2.985713236635579 3.5028558839626953 5.025373570905189 10.725818293645405 5.842885488303878 11.023368297736418 1
3 3.0124581055620765 3.534949726674492 5.547392452501773 7.130063333613817 6.3395582698472115 7.130063333613817 1
6 3.0267446076244013 3.552093529149282 6.931967886145227 6.338216936253446 7.732963302867996 6.338216936253446 1
11 3.052833166769748 3.5833998001236975 5.731867241795899 9.882199264902809 6.479764147377768 10.15441147683441 1
4 3.0830596616155477 3.6196715939386572 6.139263106790326 6.04256732267842 6.973888658358091 6.04256732267842 1
7 3.087111944661327 3.6245343335935925 7.110602955037275 7.401 7.81012354604473 7.401 1
9 3.1899653194541155 3.7479583833449386 4.89495097407643 9.00117216722745 5.689066717067732 9.00117216722745 1
8 3.198479653422547 3.8980995667781837 3.008897904214831 7.602035582820055 3.636774257164367 7.830563886093307 1
13 3.2277994332439004 3.7933593198926805 6.750403924504968 9.09123767556479 7.5223362065026205 9.09123767556479 1
1 3.260763586382383 3.7375575174461133 4.048835060564953 6.898849842214873 4.6472743151271265 7.401 1
5 3.3558308399370453 3.9469970079244545 4.886885489845778 6.413735520359293 5.608527547270331 6.413735520359293 1
15 3.410675955022222 4.012811146026666 4.056148622008245 9.654596945838042 4.792128279664369 9.654596945838042 1
14 3.421976102197065 3.9256387858965756 8.306047813103977 8.34901521067972 9.104268650874648 8.34901521067972 1
12 3.478219673508178 4.093863608209813 6.482544517375574 8.0839677128394 7.304039152479169 8.0839677128394 1
2 3.496644013862316 4.012751349506035 5.938669500746556 4.897800046626725 6.821432880522316 4.897800046626725 1
10 3.5028558839626953 4.019998531289811 5.842885488303878 11.023368297736418 6.660397405702567 11.320918301827431 1
3 3.534949726674492 4.057441347786907 6.3395582698472115 7.130063333613817 7.13172408719265 7.130063333613817 1
6 3.552093529149282 4.0774424506741624 7.732963302867996 6.338216936253446 8.485652785245716 6.612173503484172 1
11 3.5833998001236975 4.113966433477647 6.479764147377768 10.15441147683441 7.275659410401508 10.15441147683441 1
4 3.6196715939386572 4.156283526261767 6.973888658358091 6.04256732267842 7.808514209925857 6.04256732267842 1
7 3.6245343335935925 4.161956722525858 7.81012354604473 7.401 8.467457883502233 7.640250132795626 1
1 3.7375575174461133 4.214351448509844 4.6472743151271265 7.401 5.3813687355644975 7.668188518180101 1
9 3.7479583833449386 4.305951447235762 5.689066717067732 9.00117216722745 6.483182460059034 9.00117216722745 1
13 3.7933593198926805 4.358919206541461 7.5223362065026205 9.09123767556479 8.294268488500272 9.09123767556479 1
8 3.8980995667781837 4.59771948013382 3.636774257164367 7.830563886093307 4.264650610113903 8.059092189366558 1
14 3.9256387858965756 4.429301469596086 9.104268650874648 8.34901521067972 9.902489488645319 8.34901521067972 1
5 3.9469970079244545 4.538163175911864 5.608527547270331 6.413735520359293 6.330169604694884 6.413735520359293 1
2 4.012751349506035 4.528858685149755 6.821432880522316 4.897800046626725 7.704196260298076 4.897800046626725 1
15 4.012811146026666 4.614946337031111 4.792128279664369 9.654596945838042 5.528107937320493 9.654596945838042 1
10 4.019998531289811 4.537141178616928 6.660397405702567 11.320918301827431 7.530375416932416 11.320918301827431 1
3 4.057441347786907 4.579932968899322 7.13172408719265 7.130063333613817 7.923889904538088 7.130063333613817 1
6 4.0774424506741624 4.602791372199043 8.485652785245716 6.612173503484172 9.238342267623436 6.886130070714898 1
12 4.093863608209813 4.709507542911449 7.304039152479169 8.0839677128394 8.07599159910123 8.364935425678798 1
11 4.113966433477647 4.644533066831596 7.275659410401508 10.15441147683441 8.071554673425249 10.15441147683441 1
4 4.156283526261767 4.692895458584877 7.808514209925857 6.04256732267842 8.643139761493622 6.04256732267842 1
7 4.161956722525858 4.699379111458123 8.467457883502233 7.640250132795626 9.124792220959735 7.879500265591252 1
1 4.214351448509844 4.691145379573575 5.3813687355644975 7.668188518180101 6.162575700692535 7.668188518180101 1
9 4.305951447235762 4.863944511126585 6.483182460059034 9.00117216722745 7.229407163797879 9.272775747462505 1
13 4.358919206541461 4.924479093190241 8.294268488500272 9.09123767556479 9.066200770497925 9.09123767556479 1
14 4.429301469596086 4.932964153295597 9.902489488645319 8.34901521067972 10.70071032641599 8.34901521067972 1
2 4.528858685149755 5.044966020793474 7.704196260298076 4.897800046626725 8.586959640073836 4.897800046626725 1
10 4.537141178616928 5.054283825944044 7.530375416932416 11.320918301827431 8.400353428162266 11.320918301827431 1
5 4.538163175911864 5.129329343899273 6.330169604694884 6.413735520359293 7.051811662119437 6.413735520359293 1
3 4.579932968899322 5.102424590011737 7.923889904538088 7.130063333613817 8.668282277536434 7.401 1
8 4.59771948013382 5.297339393489457 4.264650610113903 8.059092189366558 4.93282266878604 8.059092189366558 1
6 4.602791372199043 5.1281402937239235 9.238342267623436 6.886130070714898 9.991031750001156 7.160086637945623 1
15 4.614946337031111 5.217081528035556 5.528107937320493 9.654596945838042 6.264087594976616 9.654596945838042 1
11 4.644533066831596 5.175099700185545 8.071554673425249 10.15441147683441 8.86744993644899 10.15441147683441 1
1 4.691145379573575 5.167939310637306 6.162575700692535 7.668188518180101 6.943782665820572 7.668188518180101 1
4 4.692895458584877 5.229507390907987 8.643139761493622 6.04256732267842 9.427431233421219 6.328026073448893 1
7 4.699379111458123 5.2368015003903885 9.124792220959735 7.879500265591252 9.782126558417238 8.11875039838688 1
12 4.709507542911449 5.325151477613084 8.07599159910123 8.364935425678798 8.897486234204823 8.364935425678798 1
9 4.863944511126585 5.421937575017408 7.229407163797879 9.272775747462505 8.023522906789182 9.272775747462505 1
13 4.924479093190241 5.490038979839021 9.066200770497925 9.09123767556479 9.791579839637546 9.355254065291337 1
14 4.932964153295597 5.436626836995107 10.70071032641599 8.34901521067972 11.498931164186661 8.34901521067972 1
2 5.044966020793474 5.561073356437193 8.586959640073836 4.897800046626725 9.416485873949146 5.199722904300282 1
10 5.054283825944044 5.57142647327116 8.400353428162266 11.320918301827431 9.270331439392114 11.320918301827431 1
3 5.102424590011737 5.624916211124153 8.668282277536434 7.401 9.460448094881873 7.401 1
6 5.1281402937239235 5.653489215248804 9.991031750001156 7.160086637945623 10.743721232378876 7.434043205176349 1
5 5.129329343899273 5.720495511886682 7.051811662119437 6.413735520359293 7.729933378330051 6.660551640269469 1
1 5.167939310637306 5.6447332417010365 6.943782665820572 7.668188518180101 7.677877086257943 7.935377036360203 1
11 5.175099700185545 5.705666333539495 8.86744993644899 10.15441147683441 9.615346842030858 10.42662368876601 1
15 5.217081528035556 5.819216719040001 6.264087594976616 9.654596945838042 7.00006725263274 9.654596945838042 1
4 5.229507390907987 5.766119323231097 9.427431233421219 6.328026073448893 10.262056784988983 6.328026073448893 1
7 5.2368015003903885 5.774223889322654 9.782126558417238 8.11875039838688 10.43946089587474 8.358000531182505 1
8 5.297339393489457 5.996959306845094 4.93282266878604 8.059092189366558 5.600994727458176 8.059092189366558 1
12 5.325151477613084 5.94079541231472 8.897486234204823 8.364935425678798 9.718980869308417 8.364935425678798 1
9 5.421937575017408 5.979930638908231 8.023522906789182 9.272775747462505 8.817638649780484 9.272775747462505 1
14 5.436626836995107 5.940289520694618 11.498931164186661 8.34901521067972 12.249013395197307 8.62202281601958 1
13 5.490038979839021 6.0555988664878 9.791579839637546 9.355254065291337 10.516958908777166 9.619270455017885 1
2 5.561073356437193 6.077180692080912 9.416485873949146 5.199722904300282 10.299249253724906 5.199722904300282 1
10 5.57142647327116 6.088569120598276 9.270331439392114 11.320918301827431 10.140309450621963 11.320918301827431 1
3 5.624916211124153 6.147407832236568 9.460448094881873 7.401 9.460448094881873 7.401 1
1 5.6447332417010365 6.121527172764767 7.677877086257943 7.935377036360203 8.459084051385979 7.935377036360203 1
6 5.653489215248804 6.178838136773685 10.743721232378876 7.434043205176349 11.496410714756596 7.707999772407074 1
11 5.705666333539495 6.236232966893444 9.615346842030858 10.42662368876601 10.4112421050546 10.42662368876601 1
5 5.720495511886682 6.311661679874091 7.729933378330051 6.660551640269469 8.451575435754604 6.660551640269469 1
4 5.766119323231097 6.302731255554207 10.262056784988983 6.328026073448893 11.04634825691658 6.613484824219365 1
7 5.774223889322654 6.311646278254919 10.43946089587474 8.358000531182505 11.096795233332243 8.59725066397813 1
15 5.819216719040001 6.421351910044446 7.00006725263274 9.654596945838042 7.736046910288864 9.654596945838042 1
14 5.940289520694618 6.443952204394129 12.249013395197307 8.62202281601958 12.999095626207954 8.89503042135944 1
12 5.94079541231472 6.556439347016355 9.718980869308417 8.364935425678798 10.490933315930478 8.083967712839398 1
9 5.979930638908231 6.537923702799054 8.817638649780484 9.272775747462505 9.563863353519329 9.00117216722745 1
8 5.996959306845094 6.69657922020073 5.600994727458176 8.059092189366558 6.269166786130313 8.059092189366558 1
13 6.0555988664878 6.62115875313658 10.516958908777166 9.619270455017885 11.28889119077482 9.619270455017885 1
2 6.077180692080912 6.593288027724631 10.299249253724906 5.199722904300282 11.128775487600215 5.5016457619738395 1
10 6.088569120598276 6.605711767925392 10.140309450621963 11.320918301827431 11.010287461851812 11.320918301827431 1
1 6.121527172764767 6.598321103828498 8.459084051385979 7.935377036360203 9.19317847182335 8.202565554540305 1
3 6.147407832236568 6.669899453348983 9.460448094881873 7.401 10.204840467880217 7.130063333613817 1
6 6.178838136773685 6.704187058298565 11.496410714756596 7.707999772407074 12.249100197134316 7.9819563396378 1
11 6.236232966893444 6.766799600247393 10.4112421050546 10.42662368876601 11.20713736807834 10.42662368876601 1
4 6.302731255554207 6.839343187877317 11.04634825691658 6.613484824219365 11.830639728844178 6.898943574989838 1
7 6.311646278254919 6.8490686671871845 11.096795233332243 8.59725066397813 11.754129570789745 8.836500796773755 1
5 6.311661679874091 6.9028278478615 8.451575435754604 6.660551640269469 9.129697151965217 6.907367760179645 1
15 6.421351910044446 7.02348710104889 7.736046910288864 9.654596945838042 8.472026567944988 9.654596945838042 1
14 6.443952204394129 6.947614888093639 12.999095626207954 8.89503042135944 13.797316463978625 8.89503042135944 1
9 6.537923702799054 7.095916766689877 9.563863353519329 9.00117216722745 10.310088057258174 9.272775747462505 1
12 6.556439347016355 7.172083281717991 10.490933315930478 8.083967712839398 11.26288576255254 7.802999999999997 1
2 6.593288027724631 7.10939536336835 11.128775487600215 5.5016457619738395 11.958301721475525 5.803568619647397 1
1 6.598321103828498 7.075115034892229 9.19317847182335 8.202565554540305 9.974385436951387 8.202565554540305 1
10 6.605711767925392 7.122854415252508 11.010287461851812 11.320918301827431 11.88026547308166 11.320918301827431 1
13 6.62115875313658 7.18671863978536 11.28889119077482 9.619270455017885 12.01427025991444 9.883286844744433 1
3 6.669899453348983 7.192391074461399 10.204840467880217 7.130063333613817 10.949232840878562 6.859126667227635 1
8 6.69657922020073 7.396199133556367 6.269166786130313 8.059092189366558 6.93733884480245 8.059092189366558 1
6 6.704187058298565 7.229535979823446 12.249100197134316 7.9819563396378 13.001789679512036 8.255912906868526 1
11 6.766799600247393 7.297366233601342 11.20713736807834 10.42662368876601 12.003032631102082 10.42662368876601 1
4 6.839343187877317 7.375955120200427 11.830639728844178 6.898943574989838 12.614931200771775 7.184402325760311 1
7 6.8490686671871845 7.38649105611945 11.754129570789745 8.836500796773755 12.411463908247248 9.07575092956938 1
5 6.9028278478615 7.49399401584891 9.129697151965217 6.907367760179645 9.807818868175831 7.154183880089821 1
14 6.947614888093639 7.45127757179315 13.797316463978625 8.89503042135944 14.19642688286396 9.586309944698938 1
15 7.02348710104889 7.625622292053335 8.472026567944988 9.654596945838042 9.208006225601112 9.654596945838042 1
1 7.075115034892229 7.55190896595596 9.974385436951387 8.202565554540305 10.708479857388758 8.469754072720407 1
9 7.095916766689877 7.6539098305807 10.310088057258174 9.272775747462505 11.05631276099702 9.54437932769756 1
2 7.10939536336835 7.625502699012069 11.958301721475525 5.803568619647397 12.787827955350835 6.105491477320954 1
10 7.122854415252508 7.639997062579624 11.88026547308166 11.320918301827431 12.75024348431151 11.320918301827431 1
12 7.172083281717991 7.7877272164196265 11.26288576255254 7.802999999999997 12.0348382091746 8.083967712839396 1
13 7.18671863978536 7.752278526434139 12.01427025991444 9.883286844744433 12.786202541912093 9.883286844744433 1
3 7.192391074461399 7.714882695573814 10.949232840878562 6.859126667227635 11.693625213876908 7.130063333613817 1
6 7.229535979823446 7.754884901348326 13.001789679512036 8.255912906868526 13.754479161889757 8.52986947409925 1
11 7.297366233601342 7.827932866955291 12.003032631102082 10.42662368876601 12.798927894125823 10.42662368876601 1
4 7.375955120200427 7.912567052523537 12.614931200771775 7.184402325760311 13.254291466635374 7.720889289035864 1
7 7.38649105611945 7.923913445051715 12.411463908247248 9.07575092956938 13.110984499254702 9.07575092956938 1
8 7.396199133556367 8.095819046912004 6.93733884480245 8.059092189366558 7.6055109034745865 8.059092189366558 1
14 7.45127757179315 7.9549402554926605 14.19642688286396 9.586309944698938 14.994647720634632 9.586309944698938 1
5 7.49399401584891 8.085160183836319 9.807818868175831 7.154183880089821 10.485940584386444 7.400999999999997 1
1 7.55190896595596 8.02870289701969 10.708479857388758 8.469754072720407 11.442574277826129 8.73694259090051 1
2 7.625502699012069 8.141610034655788 12.787827955350835 6.105491477320954 13.464063937016984 6.672920840125825 1
15 7.625622292053335 8.227757483057779 9.208006225601112 9.654596945838042 9.943985883257236 9.654596945838042 1
10 7.639997062579624 8.15713970990674 12.75024348431151 11.320918301827431 13.567755401710198 11.023368297736418 1
9 7.6539098305807 8.211902894471523 11.05631276099702 9.54437932769756 11.802537464735867 9.815982907932616 1
3 7.714882695573814 8.237374316686228 11.693625213876908 7.130063333613817 12.485791031222346 7.130063333613817 1
13 7.752278526434139 8.317838413082919 12.786202541912093 9.883286844744433 13.558134823909747 9.883286844744433 1
6 7.754884901348326 8.280233822873207 13.754479161889757 8.52986947409925 14.154976870251142 9.22355185329607 1
12 7.7877272164196265 8.403371151121261 12.0348382091746 8.083967712839396 12.80679065579666 8.364935425678794 1
11 7.827932866955291 8.358499500309241 12.798927894125823 10.42662368876601 12.798927894125823 10.42662368876601 1
4 7.912567052523537 8.449178984846647 13.254291466635374 7.720889289035864 13.893651732498974 8.257376252311417 1
7 7.923913445051715 8.46133583398398 13.110984499254702 9.07575092956938 13.110984499254702 9.07575092956938 1
14 7.9549402554926605 8.458602939192172 14.994647720634632 9.586309944698938 15.792868558405303 9.586309944698938 1
1 8.02870289701969 8.50549682808342 11.442574277826129 8.73694259090051 12.1766686982635 9.004131109080612 1
5 8.085160183836319 8.676326351823727 10.485940584386444 7.400999999999997 11.164062300597058 7.647816119910173 1
8 8.095819046912004 8.79543896026764 7.6055109034745865 8.059092189366558 8.273682962146724 8.059092189366558 1
2 8.141610034655788 8.657717370299506 13.464063937016984 6.672920840125825 13.905445626904864 7.437416352542243 1
10 8.15713970990674 8.674282357233857 13.567755401710198 11.023368297736418 14.234197222848524 10.464157211418135 1
9 8.211902894471523 8.769895958362346 11.802537464735867 9.815982907932616 12.596653207727169 9.815982907932616 1
15 8.227757483057779 8.829892674062224 9.943985883257236 9.654596945838042 10.67996554091336 9.654596945838042 1
3 8.237374316686228 8.759865937798644 12.485791031222346 7.130063333613817 13.092625253628622 7.639257705820675 1
6 8.280233822873207 8.805582744398087 14.154976870251142 9.22355185329607 14.907666352628862 9.497508420526795 1
13 8.317838413082919 8.883398299731699 13.558134823909747 9.883286844744433 14.1494692589982 9.387098338359285 1
11 8.358499500309241 8.88906613366319 12.798927894125823 10.42662368876601 13.546824799707691 10.15441147683441 1
12 8.403371151121261 9.019015085822897 12.80679065579666 8.364935425678794 13.578743102418722 8.645903138518193 1
4 8.449178984846647 8.985790917169757 13.893651732498974 8.257376252311417 13.893651732498974 8.257376252311417 1
14 8.458602939192172 8.962265622891683 15.792868558405303 9.586309944698938 16.591089396175974 9.586309944698938 1
7 8.46133583398398 8.998758222916246 13.110984499254702 9.07575092956938 13.646848360843267 9.525394098189578 1
1 8.50549682808342 8.98229075914715 12.1766686982635 9.004131109080612 12.91076311870087 8.73694259090051 1
2 8.657717370299506 9.173824705943225 13.905445626904864 7.437416352542243 13.905445626904864 7.437416352542243 1
10 8.674282357233857 9.191425004560973 14.234197222848524 10.464157211418135 14.90063904398685 9.904946125099851 1
5 8.676326351823727 9.267492519811135 11.164062300597058 7.647816119910173 11.842184016807671 7.894632239820349 1
3 8.759865937798644 9.282357558911059 13.092625253628622 7.639257705820675 13.092625253628622 7.639257705820675 1
9 8.769895958362346 9.327889022253169 12.596653207727169 9.815982907932616 12.73454995935423 10.5980342484195 1
8 8.79543896026764 9.495058873623277 8.273682962146724 8.059092189366558 8.941855020818862 8.059092189366558 1
6 8.805582744398087 9.330931665922968 14.907666352628862 9.497508420526795 15.70866176935163 9.497508420526795 1
15 8.829892674062224 9.432027865066669 10.67996554091336 9.654596945838042 11.415945198569483 9.654596945838042 1
13 8.883398299731699 9.448958186380478 14.1494692589982 9.387098338359285 14.921401540995852 9.387098338359285 1
11 8.88906613366319 9.41963276701714 13.546824799707691 10.15441147683441 13.944772431219562 10.843676993364667 1
14 8.962265622891683 9.465928306591195 16.591089396175974 9.586309944698938 17.389310233946645 9.586309944698938 1
1 8.98229075914715 9.45908469021088 12.91076311870087 8.73694259090051 12.775107952825675 9.506281266865738 1
4 8.985790917169757 9.522402849492867 13.893651732498974 8.257376252311417 14.038582938562973 9.079321966357442 1
7 8.998758222916246 9.536180611848511 13.646848360843267 9.525394098189578 13.768318836712206 10.214287399605402 1
12 9.019015085822897 9.634659020524532 13.578743102418722 8.645903138518193 13.578743102418722 8.645903138518193 1
2 9.173824705943225 9.689932041586944 13.905445626904864 7.437416352542243 14.058735879114025 8.30676857302067 1
10 9.191425004560973 9.708567651888089 14.90063904398685 9.904946125099851 15.718150961385538 10.202496129190864 1
5 9.267492519811135 9.858658687798544 11.842184016807671 7.894632239820349 12.394993904818696 8.358494812961554 1
3 9.282357558911059 9.804849180023474 13.092625253628622 7.639257705820675 13.837017626626967 7.368321039434493 1
9 9.327889022253169 9.885882086143992 12.73454995935423 10.5980342484195 12.73454995935423 10.5980342484195 1
6 9.330931665922968 9.856280587447849 15.70866176935163 9.497508420526795 16.46135125172935 9.223551853296069 1
11 9.41963276701714 9.950199400371089 13.944772431219562 10.843676993364667 13.944772431219562 10.843676993364667 1
15 9.432027865066669 10.034163056071113 11.415945198569483 9.654596945838042 11.979738325565565 10.12767555076074 1
13 9.448958186380478 10.014518073029258 14.921401540995852 9.387098338359285 15.693333822993505 9.387098338359285 1
1 9.45908469021088 9.93587862127461 12.775107952825675 9.506281266865738 12.775107952825675 9.506281266865738 1
14 9.465928306591195 9.969590990290707 17.389310233946645 9.586309944698938 18.187531071717316 9.586309944698938 1
8 9.495058873623277 10.194678786978914 8.941855020818862 8.059092189366558 9.610027079491 8.059092189366558 1
4 9.522402849492867 10.059014781815977 14.038582938562973 9.079321966357442 14.677943204426573 9.615808929632996 1
7 9.536180611848511 10.073603000780777 13.768318836712206 10.214287399605402 14.118079132215934 9.60848479732264 1
12 9.634659020524532 10.250302955226168 13.578743102418722 8.645903138518193 13.578743102418722 8.645903138518193 1
2 9.689932041586944 10.206039377230663 14.058735879114025 8.30676857302067 14.058735879114025 8.30676857302067 1
10 9.708567651888089 10.225710299215205 15.718150961385538 10.202496129190864 16.535662878784226 10.500046133281877 1
3 9.804849180023474 10.32734080113589 13.837017626626967 7.368321039434493 13.837017626626967 7.368321039434493 1
6 9.856280587447849 10.381629508972729 16.46135125172935 9.223551853296069 17.21404073410707 8.949595286065342 1
5 9.858658687798544 10.449824855785952 12.394993904818696 8.358494812961554 12.94780379282972 7.89463223982035 1
9 9.885882086143992 10.443875150034815 12.73454995935423 10.5980342484195 13.480774663093074 10.326430668184445 1
1 9.93587862127461 10.41267255233834 12.775107952825675 9.506281266865738 12.775107952825675 9.506281266865738 1
11 9.950199400371089 10.480766033725038 13.944772431219562 10.843676993364667 13.944772431219562 10.843676993364667 1
14 9.969590990290707 10.473253673990218 18.187531071717316 9.586309944698938 18.985751909487988 9.586309944698938 1
13 10.014518073029258 10.580077959678038 15.693333822993505 9.387098338359285 16.46526610499116 9.387098338359285 1
15 10.034163056071113 10.636298247075558 11.979738325565565 10.12767555076074 12.543531452561647 10.600754155683438 1
4 10.059014781815977 10.595626714139087 14.677943204426573 9.615808929632996 15.512568755994337 9.615808929632996 1
7 10.073603000780777 10.611025389713042 14.118079132215934 9.60848479732264 14.817599723223388 9.60848479732264 1
8 10.194678786978914 10.89429870033455 9.610027079491 8.059092189366558 10.237903432440536 8.287620492639808 1
2 10.206039377230663 10.722146712874382 14.058735879114025 8.30676857302067 13.905445626904864 9.176120793499098 1
10 10.225710299215205 10.742852946542321 16.535662878784226 10.500046133281877 17.405640890014077 10.500046133281877 1
12 10.250302955226168 10.865946889927804 13.578743102418722 8.645903138518193 13.578743102418722 8.645903138518193 1
3 10.32734080113589 10.849832422248305 13.837017626626967 7.368321039434493 13.974575777219036 8.148452078027534 1
6 10.381629508972729 10.90697843049761 17.21404073410707 8.949595286065342 18.01503615082984 8.949595286065342 1
1 10.41267255233834 10.88946648340207 12.775107952825675 9.506281266865738 12.775107952825675 9.506281266865738 1
9 10.443875150034815 11.001868213925638 13.480774663093074 10.326430668184445 14.08910261520486 9.815982907932616 1
5 10.449824855785952 11.04099102377336 12.94780379282972 7.89463223982035 12.94780379282972 7.89463223982035 1
14 10.473253673990218 10.97691635768973 18.985751909487988 9.586309944698938 19.78397274725866 9.586309944698938 1
11 10.480766033725038 11.011332667078987 13.944772431219562 10.843676993364667 13.944772431219562 10.843676993364667 1
13 10.580077959678038 11.145637846326817 16.46526610499116 9.387098338359285 17.237198386988812 9.387098338359285 1
4 10.595626714139087 11.132238646462197 15.512568755994337 9.615808929632996 16.296860227921936 9.901267680403468 1
7 10.611025389713042 11.148447778645307 14.817599723223388 9.60848479732264 15.517120314230842 9.60848479732264 1
15 10.636298247075558 11.238433438080003 12.543531452561647 10.600754155683438 13.235126105909645 10.349034287687113 1
2 10.722146712874382 11.238254048518101 13.905445626904864 9.176120793499098 14.734971860780174 9.478043651172655 1
10 10.742852946542321 11.259995593869437 17.405640890014077 10.500046133281877 18.275618901243924 10.500046133281877 1
3 10.849832422248305 11.37232404336072 13.974575777219036 8.148452078027534 13.974575777219036 8.148452078027534 1
12 10.865946889927804 11.48159082462944 13.578743102418722 8.645903138518193 13.578743102418722 8.645903138518193 1
1 10.88946648340207 11.366260414465799 12.775107952825675 9.506281266865738 13.509202373263046 9.239092748685636 1
8 10.89429870033455 11.593918613690187 10.237903432440536 8.287620492639808 10.906075491112674 8.287620492639808 1
6 10.90697843049761 11.43232735202249 18.01503615082984 8.949595286065342 18.81603156755261 8.949595286065342 1
14 10.97691635768973 11.480579041389241 19.78397274725866 9.586309944698938 20.58219358502933 9.586309944698938 1
9 11.001868213925638 11.559861277816461 14.08910261520486 9.815982907932616 14.08910261520486 9.815982907932616 1
11 11.011332667078987 11.541899300432936 13.944772431219562 10.843676993364667 13.944772431219562 10.843676993364667 1
5 11.04099102377336 11.632157191760768 12.94780379282972 7.89463223982035 12.94780379282972 7.89463223982035 1
4 11.132238646462197 11.668850578785307 16.296860227921936 9.901267680403468 16.936220493785534 10.437754643679021 1
13 11.145637846326817 11.711197732975597 17.237198386988812 9.387098338359285 18.009130668986465 9.387098338359285 1
7 11.148447778645307 11.685870167577573 15.517120314230842 9.60848479732264 16.216640905238297 9.60848479732264 1
2 11.238254048518101 11.75436138416182 14.734971860780174 9.478043651172655 15.617735240555934 9.478043651172655 1
15 11.238433438080003 11.840568629084448 13.235126105909645 10.349034287687113 13.235126105909645 10.349034287687113 1
10 11.259995593869437 11.777138241196553 18.275618901243924 10.500046133281877 19.14559691247377 10.500046133281877 1
1 11.366260414465799 11.843054345529529 13.509202373263046 9.239092748685636 14.290409338391083 9.239092748685636 1
3 11.37232404336072 11.894815664473136 13.974575777219036 8.148452078027534 13.974575777219036 8.148452078027534 1
6 11.43232735202249 11.95767627354737 18.81603156755261 8.949595286065342 19.61702698427538 8.949595286065342 1
14 11.480579041389241 11.984241725088753 20.58219358502933 9.586309944698938 21.3804144228 9.586309944698938 1
12 11.48159082462944 12.097234759331075 13.578743102418722 8.645903138518193 13.167995784866925 9.357338361590534 1
11 11.541899300432936 12.072465933786885 13.944772431219562 10.843676993364667 13.944772431219562 10.843676993364667 1
9 11.559861277816461 12.117854341707284 14.08910261520486 9.815982907932616 14.883218358196162 9.815982907932616 1
8 11.593918613690187 12.293538527045824 10.906075491112674 8.287620492639808 11.53395184406221 8.51614879591306 1
5 11.632157191760768 12.223323359748177 12.94780379282972 7.89463223982035 13.308624821541997 8.519592593989282 1
4 11.668850578785307 12.205462511108417 16.936220493785534 10.437754643679021 17.7708460453533 10.437754643679021 1
7 11.685870167577573 12.223292556509838 16.216640905238297 9.60848479732264 16.916161496245753 9.60848479732264 1
13 11.711197732975597 12.276757619624377 18.009130668986465 9.387098338359285 18.78106295098412 9.387098338359285 1
2 11.75436138416182 12.270468719805539 15.617735240555934 9.478043651172655 16.293971222222083 8.910614288367784 1
10 11.777138241196553 12.29428088852367 19.14559691247377 10.500046133281877 20.015574923703618 10.500046133281877 1
15 11.840568629084448 12.442703820088893 13.235126105909645 10.349034287687113 13.926720759257643 10.097314419690788 1
1 11.843054345529529 12.319848276593259 14.290409338391083 9.239092748685636 15.07161630351912 9.239092748685636 1
3 11.894815664473136 12.41730728558555 13.974575777219036 8.148452078027534 14.112133927811104 8.928583116620574 1
6 11.95767627354737 12.483025195072251 19.61702698427538 8.949595286065342 20.41802240099815 8.949595286065342 1
14 11.984241725088753 12.487904408788264 21.3804144228 9.586309944698938 22.178635260570672 9.586309944698938 1
11 12.072465933786885 12.603032567140835 13.944772431219562 10.843676993364667 13.944772431219562 10.843676993364667 1
12 12.097234759331075 12.71287869403271 13.167995784866925 9.357338361590534 13.167995784866925 9.357338361590534 1
9 12.117854341707284 12.675847405598107 14.883218358196162 9.815982907932616 15.677334101187464 9.815982907932616 1
4 12.205462511108417 12.742074443431527 17.7708460453533 10.437754643679021 18.605471596921063 10.437754643679021 1
7 12.223292556509838 12.760714945442103 16.916161496245753 9.60848479732264 17.61568208725321 9.60848479732264 1
5 12.223323359748177 12.814489527735585 13.308624821541997 8.519592593989282 13.861434709553022 8.055730020848078 1
2 12.270468719805539 12.786576055449258 16.293971222222083 8.910614288367784 17.123497456097393 8.608691430694225 1
13 12.276757619624377 12.842317506273156 18.78106295098412 9.387098338359285 19.552995232981772 9.387098338359285 1
8 12.293538527045824 12.99315844040146 11.53395184406221 8.51614879591306 12.202123902734348 8.51614879591306 1
10 12.29428088852367 12.811423535850786 20.015574923703618 10.500046133281877 20.885552934933465 10.500046133281877 1
1 12.319848276593259 12.796642207656989 15.07161630351912 9.239092748685636 15.80571072395649 8.971904230505533 1
3 12.41730728558555 12.939798906697966 14.112133927811104 8.928583116620574 14.71896815021738 9.437777488827432 1
15 12.442703820088893 13.044839011093337 13.926720759257643 10.097314419690788 13.926720759257643 10.097314419690788 1
6 12.483025195072251 13.008374116597132 20.41802240099815 8.949595286065342 21.21901781772092 8.949595286065342 1
14 12.487904408788264 12.991567092487776 22.178635260570672 9.586309944698938 22.976856098341344 9.586309944698938 1
11 12.603032567140835 13.133599200494784 13.944772431219562 10.843676993364667 13.944772431219562 10.843676993364667 1
9 12.675847405598107 13.23384046948893 15.677334101187464 9.815982907932616 16.471449844178768 9.815982907932616 1
12 12.71287869403271 13.328522628734346 13.167995784866925 9.357338361590534 13.939948231488986 9.076370648751134 1
4 12.742074443431527 13.278686375754637 18.605471596921063 10.437754643679021 19.440097148488828 10.437754643679021 1
7 12.760714945442103 13.298137334374369 17.61568208725321 9.60848479732264 18.315202678260665 9.60848479732264 1
2 12.786576055449258 13.302683391092977 17.123497456097393 8.608691430694225 18.006260835873153 8.608691430694225 1
1 12.796642207656989 13.273436138720719 15.80571072395649 8.971904230505533 16.53980514439386 8.70471571232543 1
10 12.811423535850786 13.328566183177902 20.885552934933465 10.500046133281877 21.75553094616331 10.500046133281877 1
5 12.814489527735585 13.405655695722993 13.861434709553022 8.055730020848078 13.861434709553022 8.055730020848078 1
13 12.842317506273156 13.407877392921936 19.552995232981772 9.387098338359285 20.278374302121392 9.651114728085833 1
3 12.939798906697966 13.462290527810381 14.71896815021738 9.437777488827432 15.463360523215727 9.708714155213615 1
14 12.991567092487776 13.495229776187287 22.976856098341344 9.586309944698938 23.775076936112015 9.586309944698938 1
8 12.99315844040146 13.692778353757097 12.202123902734348 8.51614879591306 12.830000255683885 8.74467709918631 1
6 13.008374116597132 13.533723038122012 21.21901781772092 8.949595286065342 22.02001323444369 8.949595286065342 1
15 13.044839011093337 13.646974202097782 13.926720759257643 10.097314419690788 14.490513886253725 9.62423581476809 1
11 13.133599200494784 13.664165833848733 13.944772431219562 10.843676993364667 13.806566669181747 10.059873167753198 1
9 13.23384046948893 13.791833533379753 16.471449844178768 9.815982907932616 17.26556558717007 9.815982907932616 1
1 13.273436138720719 13.750230069784449 16.53980514439386 8.70471571232543 17.138244398956033 8.202565554540303 1
4 13.278686375754637 13.815298308077747 19.440097148488828 10.437754643679021 20.224388620416427 10.723213394449493 1
7 13.298137334374369 13.835559723306634 18.315202678260665 9.60848479732264 19.01472326926812 9.60848479732264 1
2 13.302683391092977 13.818790726736696 18.006260835873153 8.608691430694225 18.835787069748463 8.306768573020667 1
12 13.328522628734346 13.944166563435981 13.939948231488986 9.076370648751134 13.939948231488986 9.076370648751134 1
10 13.328566183177902 13.845708830505018 21.75553094616331 10.500046133281877 22.62550895739316 10.500046133281877 1
5 13.405655695722993 13.996821863710402 13.861434709553022 8.055730020848078 13.861434709553022 8.055730020848078 1
13 13.407877392921936 13.973437279570716 20.278374302121392 9.651114728085833 21.050306584119046 9.651114728085833 1
3 13.462290527810381 13.984782148922797 15.463360523215727 9.708714155213615 16.255526340561165 9.708714155213615 1
14 13.495229776187287 13.998892459886799 23.775076936112015 9.586309944698938 24.573297773882686 9.586309944698938 1
6 13.533723038122012 14.059071959646893 22.02001323444369 8.949595286065342 22.821008651166462 8.949595286065342 1
15 13.646974202097782 14.249109393102227 14.490513886253725 9.62423581476809 15.226493543909848 9.62423581476809 1
11 13.664165833848733 14.194732467202682 13.806566669181747 10.059873167753198 13.806566669181747 10.059873167753198 1
8 13.692778353757097 14.392398267112734 12.830000255683885 8.74467709918631 12.946027116040263 9.402698122912758 1
1 13.750230069784449 14.227024000848179 17.138244398956033 8.202565554540303 17.872338819393402 7.935377036360201 1
9 13.791833533379753 14.349826597270576 17.26556558717007 9.815982907932616 18.011790290908916 10.087586488167672 1
4 13.815298308077747 14.351910240400857 20.224388620416427 10.723213394449493 21.05901417198419 10.723213394449493 1
2 13.818790726736696 14.334898062380415 18.835787069748463 8.306768573020667 19.718550449524223 8.306768573020667 1
7 13.835559723306634 14.3729821122389 19.01472326926812 9.60848479732264 19.714243860275577 9.60848479732264 1
10 13.845708830505018 14.362851477832134 22.62550895739316 10.500046133281877 23.495486968623005 10.500046133281877 1
12 13.944166563435981 14.559810498137617 13.939948231488986 9.076370648751134 14.569249631762148 9.60441722161969 1
13 13.973437279570716 14.538997166219495 21.050306584119046 9.651114728085833 21.8222388661167 9.651114728085833 1
3 13.984782148922797 14.507273770035212 16.255526340561165 9.708714155213615 17.047692157906603 9.708714155213615 1
5 13.996821863710402 14.58798803169781 13.861434709553022 8.055730020848078 13.986746537752609 8.766408713899459 1
14 13.998892459886799 14.50255514358631 24.573297773882686 9.586309944698938 25.371518611653357 9.586309944698938 1
6 14.059071959646893 14.584420881171773 22.821008651166462 8.949595286065342 23.622004067889232 8.949595286065342 1
11 14.194732467202682 14.725299100556631 13.806566669181747 10.059873167753198 13.806566669181747 10.059873167753198 1
1 14.227024000848179 14.703817931911908 17.872338819393402 7.935377036360201 18.653545784521437 7.935377036360201 1
15 14.249109393102227 14.851244584106672 15.226493543909848 9.62423581476809 15.962473201565972 9.62423581476809 1
2 14.334898062380415 14.851005398024133 19.718550449524223 8.306768573020667 20.601313829299983 8.306768573020667 1
9 14.349826597270576 14.9078196611614 18.011790290908916 10.087586488167672 18.758014994647763 10.359190068402727 1
4 14.351910240400857 14.888522172723967 21.05901417198419 10.723213394449493 21.893639723551956 10.723213394449493 1
10 14.362851477832134 14.87999412515925 23.495486968623005 10.500046133281877 24.365464979852852 10.500046133281877 1
7 14.3729821122389 14.910404501171165 19.714243860275577 9.60848479732264 20.413764451283033 9.60848479732264 1
8 14.392398267112734 15.09201818046837 12.946027116040263 9.402698122912758 13.280113145376331 8.824044146003741 1
14 14.50255514358631 15.006217827285822 25.371518611653357 9.586309944698938 25.982991248809356 9.073223480386341 1
3 14.507273770035212 15.029765391147627 17.047692157906603 9.708714155213615 17.83985797525204 9.708714155213615 1
13 14.538997166219495 15.104557052868275 21.8222388661167 9.651114728085833 22.594171148114352 9.651114728085833 1
12 14.559810498137617 15.175454432839253 14.569249631762148 9.60441722161969 15.390744266865742 9.60441722161969 1
6 14.584420881171773 15.109769802696654 23.622004067889232 8.949595286065342 24.422999484612003 8.949595286065342 1
5 14.58798803169781 15.179154199685218 13.986746537752609 8.766408713899459 14.347567566464885 9.391369068068391 1
1 14.703817931911908 15.180611862975638 18.653545784521437 7.935377036360201 19.434752749649473 7.935377036360201 1
11 14.725299100556631 15.25586573391058 13.806566669181747 10.059873167753198 13.806566669181747 10.059873167753198 1
2 14.851005398024133 15.367112733667852 20.601313829299983 8.306768573020667 21.484077209075743 8.306768573020667 1
15 14.851244584106672 15.453379775111117 15.962473201565972 9.62423581476809 16.698452859222098 9.62423581476809 1
10 14.87999412515925 15.397136772486366 24.365464979852852 10.500046133281877 25.2354429910827 10.500046133281877 1
4 14.888522172723967 15.425134105047077 21.893639723551956 10.723213394449493 22.72826527511972 10.723213394449493 1
9 14.9078196611614 15.465812725052222 18.758014994647763 10.359190068402727 19.552130737639065 10.359190068402727 1
7 14.910404501171165 15.44782689010343 20.413764451283033 9.60848479732264 21.11328504229049 9.60848479732264 1
3 15.029765391147627 15.552257012260043 17.83985797525204 9.708714155213615 18.63202379259748 9.708714155213615 1
8 15.09201818046837 15.791638093824007 13.280113145376331 8.824044146003741 13.907989498325868 8.595515842730489 1
13 15.104557052868275 15.670116939517055 22.594171148114352 9.651114728085833 23.366103430112005 9.651114728085833 1
6 15.109769802696654 15.635118724221535 24.422999484612003 8.949595286065342 25.223994901334773 8.949595286065342 1
12 15.175454432839253 15.791098367540888 15.390744266865742 9.60441722161969 16.1626967134878 9.323449508780289 1
5 15.179154199685218 15.770320367672626 14.347567566464885 9.391369068068391 15.025689282675499 9.638185187978568 1
1 15.180611862975638 15.657405794039368 19.434752749649473 7.935377036360201 20.215959714777508 7.935377036360201 1
11 15.25586573391058 15.78643236726453 13.806566669181747 10.059873167753198 13.806566669181747 10.059873167753198 1
2 15.367112733667852 15.883220069311571 21.484077209075743 8.306768573020667 22.366840588851503 8.306768573020667 1
10 15.397136772486366 15.914279419813482 25.2354429910827 10.500046133281877 25.901884812221024 11.05925721960016 1
4 15.425134105047077 15.961746037370187 22.72826527511972 10.723213394449493 23.562890826687486 10.723213394449493 1
7 15.44782689010343 15.985249279035695 21.11328504229049 9.60848479732264 21.812805633297945 9.60848479732264 1
15 15.453379775111117 16.05551496611556 16.698452859222098 9.62423581476809 17.43443251687822 9.62423581476809 1
9 15.465812725052222 16.023805788943047 19.552130737639065 10.359190068402727 20.346246480630366 10.359190068402727 1
3 15.552257012260043 16.074748633372458 18.63202379259748 9.708714155213615 19.424189609942918 9.708714155213615 1
6 15.635118724221535 16.160467645746415 25.223994901334773 8.949595286065342 25.97668438371249 8.675638718834616 1
1 15.657405794039368 16.134199725103098 20.215959714777508 7.935377036360201 20.997166679905543 7.935377036360201 1
13 15.670116939517055 16.235676826165836 23.366103430112005 9.651114728085833 24.13803571210966 9.651114728085833 1
5 15.770320367672626 16.361486535660035 15.025689282675499 9.638185187978568 15.747331340100052 9.638185187978568 1
11 15.78643236726453 16.31699900061848 13.806566669181747 10.059873167753198 14.4162578127258 9.548281554073327 1
12 15.791098367540888 16.406742302242524 16.1626967134878 9.323449508780289 16.79199811376096 8.795402935911733 1
8 15.791638093824007 16.491258007179646 13.907989498325868 8.595515842730489 13.907989498325868 8.595515842730489 1
2 15.883220069311571 16.39932740495529 22.366840588851503 8.306768573020667 23.249603968627262 8.306768573020667 1
4 15.961746037370187 16.498357969693295 23.562890826687486 10.723213394449493 24.39751637825525 10.723213394449493 1
7 15.985249279035695 16.522671667967963 21.812805633297945 9.60848479732264 22.5123262243054 9.60848479732264 1
9 16.023805788943047 16.58179885283387 20.346246480630366 10.359190068402727 21.14036222362167 10.359190068402727 1
15 16.05551496611556 16.657650157120003 17.43443251687822 9.62423581476809 18.170412174534345 9.62423581476809 1
3 16.074748633372458 16.597240254484873 19.424189609942918 9.708714155213615 20.216355427288356 9.708714155213615 1
1 16.134199725103098 16.61099365616683 20.997166679905543 7.935377036360201 21.77837364503358 7.935377036360201 1
13 16.235676826165836 16.801236712814617 24.13803571210966 9.651114728085833 24.909967994107312 9.651114728085833 1
11 16.31699900061848 16.84756563397243 14.4162578127258 9.548281554073327 15.21215307574954 9.548281554073327 1
5 16.361486535660035 16.952652703647445 15.747331340100052 9.638185187978568 16.425453056310666 9.885001307888745 1
2 16.39932740495529 16.91543474059901 23.249603968627262 8.306768573020667 24.132367348403022 8.306768573020667 1
12 16.406742302242524 17.022386236944158 16.79199811376096 8.795402935911733 17.56395056038302 8.514435223072333 1
8 16.491258007179646 17.190877920535282 13.907989498325868 8.595515842730489 14.024016358682246 9.253536866456937 1
4 16.498357969693295 17.034969902016403 24.39751637825525 10.723213394449493 25.232141929823015 10.723213394449493 1
7 16.522671667967963 17.06009405690023 22.5123262243054 9.60848479732264 23.211846815312857 9.60848479732264 1
9 16.58179885283387 17.139791916724693 21.14036222362167 10.359190068402727 21.93447796661297 10.359190068402727 1
3 16.597240254484873 17.11973187559729 20.216355427288356 9.708714155213615 21.008521244633794 9.708714155213615 1
1 16.61099365616683 17.08778758723056 21.77837364503358 7.935377036360201 22.559580610161614 7.935377036360201 1
15 16.657650157120003 17.259785348124446 18.170412174534345 9.62423581476809 18.90639183219047 9.62423581476809 1
13 16.801236712814617 17.3667965994634 24.909967994107312 9.651114728085833 25.681900276104965 9.651114728085833 1
11 16.84756563397243 17.37813226732638 15.21215307574954 9.548281554073327 15.960049981331409 9.276069342141726 1
2 16.91543474059901 17.43154207624273 24.132367348403022 8.306768573020667 25.015130728178782 8.306768573020667 1
5 16.952652703647445 17.543818871634855 16.425453056310666 9.885001307888745 17.14709511373522 9.885001307888745 1
12 17.022386236944158 17.63803017164579 17.56395056038302 8.514435223072333 18.385445195486614 8.514435223072333 1
4 17.034969902016403 17.57158183433951 25.232141929823015 10.723213394449493 25.871502195686613 11.259700357725047 1
7 17.06009405690023 17.597516445832497 23.211846815312857 9.60848479732264 23.911367406320313 9.60848479732264 1
1 17.08778758723056 17.564581518294293 22.559580610161614 7.935377036360201 23.34078757528965 7.935377036360201 1
3 17.11973187559729 17.642223496709704 21.008521244633794 9.708714155213615 21.75291361763214 9.437777488827432 1
9 17.139791916724693 17.697784980615516 21.93447796661297 10.359190068402727 22.728593709604272 10.359190068402727 1
8 17.190877920535282 17.89049783389092 14.024016358682246 9.253536866456937 14.651892711631783 9.482065169730188 1
15 17.259785348124446 17.86192053912889 18.90639183219047 9.62423581476809 19.642371489846592 9.62423581476809 1
13 17.3667965994634 17.93235648611218 25.681900276104965 9.651114728085833 26.273234711193417 10.14730323447098 1
11 17.37813226732638 17.908698900680328 15.960049981331409 9.276069342141726 16.707946886913277 9.003857130210125 1
2 17.43154207624273 17.947649411886452 25.015130728178782 8.306768573020667 25.897894107954542 8.306768573020667 1
5 17.543818871634855 18.134985039622265 17.14709511373522 9.885001307888745 17.868737171159772 9.885001307888745 1
1 17.564581518294293 18.041375449358025 23.34078757528965 7.935377036360201 24.121994540417685 7.935377036360201 1
7 17.597516445832497 18.134938834764764 23.911367406320313 9.60848479732264 24.61088799732777 9.60848479732264 1
12 17.63803017164579 18.253674106347425 18.385445195486614 8.514435223072333 19.20693983059021 8.514435223072333 1
3 17.642223496709704 18.16471511782212 21.75291361763214 9.437777488827432 22.497305990630483 9.16684082244125 1
9 17.697784980615516 18.25577804450634 22.728593709604272 10.359190068402727 23.522709452595574 10.359190068402727 1
15 17.86192053912889 18.46405573013333 19.642371489846592 9.62423581476809 20.378351147502716 9.62423581476809 1
8 17.89049783389092 18.590117747246556 14.651892711631783 9.482065169730188 15.32006477030392 9.482065169730188 1
11 17.908698900680328 18.439265534034277 16.707946886913277 9.003857130210125 17.455843792495145 8.731644918278525 1
1 18.041375449358025 18.518169380421757 24.121994540417685 7.935377036360201 24.90320150554572 7.935377036360201 1
7 18.134938834764764 18.67236122369703 24.61088799732777 9.60848479732264 25.310408588335225 9.60848479732264 1
5 18.134985039622265 18.726151207609675 17.868737171159772 9.885001307888745 18.590379228584325 9.885001307888745 1
3 18.16471511782212 18.687206738934535 22.497305990630483 9.16684082244125 23.28947180797592 9.16684082244125 1
12 18.253674106347425 18.86931804104906 19.20693983059021 8.514435223072333 20.028434465693802 8.514435223072333 1
9 18.25577804450634 18.813771108397162 23.522709452595574 10.359190068402727 24.316825195586876 10.359190068402727 1
11 18.439265534034277 18.969832167388226 17.455843792495145 8.731644918278525 18.251739055518886 8.731644918278525 1
15 18.46405573013333 19.066190921137775 20.378351147502716 9.62423581476809 21.11433080515884 9.62423581476809 1
1 18.518169380421757 18.99496331148549 24.90320150554572 7.935377036360201 25.63729592598309 8.202565554540303 1
8 18.590117747246556 19.289737660602192 15.32006477030392 9.482065169730188 15.988236828976058 9.482065169730188 1
7 18.67236122369703 19.2097836126293 25.310408588335225 9.60848479732264 25.967742925792727 9.847734930118268 1
3 18.687206738934535 19.20969836004695 23.28947180797592 9.16684082244125 24.08163762532136 9.16684082244125 1
5 18.726151207609675 19.317317375597085 18.590379228584325 9.885001307888745 19.31202128600888 9.885001307888745 1
9 18.813771108397162 19.371764172287985 24.316825195586876 10.359190068402727 25.110940938578178 10.359190068402727 1
12 18.86931804104906 19.484961975750693 20.028434465693802 8.514435223072333 20.849929100797397 8.514435223072333 1
11 18.969832167388226 19.500398800742175 18.251739055518886 8.731644918278525 19.047634318542627 8.731644918278525 1
1 18.99496331148549 19.47175724254922 25.63729592598309 8.202565554540303 26.027899408547107 8.879110631954527 1
15 19.066190921137775 19.668326112142218 21.11433080515884 9.62423581476809 21.850310462814964 9.62423581476809 1
3 19.20969836004695 19.732189981159365 24.08163762532136 9.16684082244125 24.873803442666798 9.16684082244125 1
8 19.289737660602192 19.98935757395783 15.988236828976058 9.482065169730188 16.656408887648194 9.482065169730188 1
5 19.317317375597085 19.908483543584495 19.31202128600888 9.885001307888745 20.03366334343343 9.885001307888745 1
9 19.371764172287985 19.92975723617881 25.110940938578178 10.359190068402727 25.857165642317025 10.630793648637782 1
12 19.484961975750693 20.100605910452327 20.849929100797397 8.514435223072333 21.67142373590099 8.514435223072333 1
11 19.500398800742175 20.030965434096125 19.047634318542627 8.731644918278525 19.84352958156637 8.731644918278525 1
15 19.668326112142218 20.27046130314666 21.850310462814964 9.62423581476809 22.586290120471087 9.62423581476809 1
3 19.732189981159365 20.25468160227178 24.873803442666798 9.16684082244125 25.665969260012236 9.16684082244125 1
5 19.908483543584495 20.499649711571905 20.03366334343343 9.885001307888745 20.755305400857985 9.885001307888745 1
8 19.98935757395783 20.688977487313466 16.656408887648194 9.482065169730188 17.32458094632033 9.482065169730188 1
11 20.030965434096125 20.561532067450074 19.84352958156637 8.731644918278525 20.63942484459011 8.731644918278525 1
12 20.100605910452327 20.71624984515396 21.67142373590099 8.514435223072333 22.492918371004585 8.514435223072333 1
3 20.25468160227178 20.777173223384196 25.665969260012236 9.16684082244125 26.062052168684954 9.852876544272062 1
15 20.27046130314666 20.872596494151104 22.586290120471087 9.62423581476809 23.32226977812721 9.62423581476809 1
5 20.499649711571905 21.090815879559315 20.755305400857985 9.885001307888745 21.476947458282538 9.885001307888745 1
11 20.561532067450074 21.092098700804023 20.63942484459011 8.731644918278525 21.43532010761385 8.731644918278525 1
8 20.688977487313466 21.388597400669102 17.32458094632033 9.482065169730188 17.99275300499247 9.482065169730188 1
12 20.71624984515396 21.331893779855594 22.492918371004585 8.514435223072333 23.31441300610818 8.514435223072333 1
15 20.872596494151104 21.474731685155547 23.32226977812721 9.62423581476809 24.058249435783335 9.62423581476809 1
5 21.090815879559315 21.681982047546725 21.476947458282538 9.885001307888745 22.19858951570709 9.885001307888745 1
11 21.092098700804023 21.622665334157972 21.43532010761385 8.731644918278525 22.231215370637592 8.731644918278525 1
12 21.331893779855594 21.947537714557228 23.31441300610818 8.514435223072333 24.135907641211773 8.514435223072333 1
8 21.388597400669102 22.08821731402474 17.99275300499247 9.482065169730188 18.660925063664607 9.482065169730188 1
15 21.474731685155547 22.07686687615999 24.058249435783335 9.62423581476809 24.79422909343946 9.62423581476809 1
11 21.622665334157972 22.15323196751192 22.231215370637592 8.731644918278525 23.027110633661334 8.731644918278525 1
5 21.681982047546725 22.273148215534135 22.19858951570709 9.885001307888745 22.920231573131645 9.885001307888745 1
12 21.947537714557228 22.563181649258862 24.135907641211773 8.514435223072333 24.957402276315367 8.514435223072333 1
15 22.07686687615999 22.679002067164433 24.79422909343946 9.62423581476809 25.530208751095582 9.62423581476809 1
8 22.08821731402474 22.787837227380376 18.660925063664607 9.482065169730188 19.329097122336744 9.482065169730188 1
11 22.15323196751192 22.68379860086587 23.027110633661334 8.731644918278525 23.823005896685075 8.731644918278525 1
5 22.273148215534135 22.864314383521545 22.920231573131645 9.885001307888745 23.641873630556198 9.885001307888745 1
12 22.563181649258862 23.178825583960496 24.957402276315367 8.514435223072333 25.77889691141896 8.514435223072333 1
15 22.679002067164433 23.281137258168876 25.530208751095582 9.62423581476809 26.094001878091664 10.097314419690788 1
11 22.68379860086587 23.21436523421982 23.823005896685075 8.731644918278525 24.618901159708816 8.731644918278525 1
8 22.787837227380376 23.487457140736012 19.329097122336744 9.482065169730188 19.997269181008882 9.482065169730188 1
5 22.864314383521545 23.455480551508956 23.641873630556198 9.885001307888745 24.36351568798075 9.885001307888745 1
12 23.178825583960496 23.79446951866213 25.77889691141896 8.514435223072333 26.55084935804102 8.233467510232932 1
11 23.21436523421982 23.74493186757377 24.618901159708816 8.731644918278525 25.414796422732557 8.731644918278525 1
5 23.455480551508956 24.046646719496366 24.36351568798075 9.885001307888745 25.085157745405304 9.885001307888745 1
8 23.487457140736012 24.18707705409165 19.997269181008882 9.482065169730188 20.66544123968102 9.482065169730188 1
11 23.74493186757377 24.275498500927718 25.414796422732557 8.731644918278525 26.2106916857563 8.731644918278525 1
5 24.046646719496366 24.637812887483776 25.085157745405304 9.885001307888745 25.806799802829858 9.885001307888745 1
8 24.18707705409165 24.886696967447286 20.66544123968102 9.482065169730188 21.333613298353157 9.482065169730188 1
8 24.886696967447286 25.586316880802922 21.333613298353157 9.482065169730188 22.001785357025295 9.482065169730188 1
8 25.586316880802922 26.28593679415856 22.001785357025295 9.482065169730188 22.669957415697432 9.482065169730188 1
8 26.28593679415856 26.985556707514196 22.669957415697432 9.482065169730188 23.33812947436957 9.482065169730188 1
8 26.985556707514196 27.685176620869832 23.33812947436957 9.482065169730188 24.006301533041707 9.482065169730188 1
8 27.685176620869832 28.38479653422547 24.006301533041707 9.482065169730188 24.674473591713845 9.482065169730188 1
8 28.38479653422547 29.084416447581106 24.674473591713845 9.482065169730188 25.342645650385982 9.482065169730188 1
8 29.084416447581106 29.784036360936742 25.342645650385982 9.482065169730188 25.85449514297914 9.05257244927699 1
