pedestrianId simTime endTime-PID1 startX-PID1 startY-PID1 endX-PID1 endY-PID1 targetId-PID2
1 0.4 1.0674875925575358 1.201 7.401 1.3402738555207458 6.6111387152371295 1
2 0.4 0.8486252941092778 1.6030000000000002 7.401 1.9876111988933574 6.7348338623567265 1
3 0.4 0.9406080998998111 2.005 7.401 2.44589984269476 6.63733907140355 1
4 0.4 0.8976617150351964 2.407 7.401 3.0979958507090446 6.821185636525009 1
5 0.4 0.8724959149801204 2.809 7.401 1.9566632570622167 7.401 1
6 0.4 1.0555576684664258 3.2110000000000003 7.401 3.7722665056295948 6.930041482134046 1
7 0.4 1.0471745270048398 3.613 7.401 4.3856770582403755 7.401 1
8 0.4 0.9373082242977406 1.201 7.803 1.0572367290488855 6.98767797512617 1
9 0.4 0.988459102869999 1.6030000000000002 7.803 0.9100954946057189 7.550803384847536 1
10 0.4 1.0107186259483951 2.005 7.803 2.152088346557521 8.637179465709297 1
11 0.4 0.954790429289322 2.407 7.803 3.1020785731958034 7.219759825592171 1
12 0.4 1.0261911156023953 2.809 7.803 2.440472840659208 7.164692236052717 1
13 0.4 0.9881605683566648 3.2110000000000003 7.803 3.778056696785579 8.278817065129385 1
14 0.4 0.9624100772514336 3.613 7.803 4.349022124722957 8.070890145160522 1
15 0.4 0.9045380223417603 1.201 8.205 1.3520842965101794 9.061841624027911 1
16 0.4 0.9592293495444346 1.6030000000000002 8.205 0.9820379828230592 8.726048999588272 1
17 0.4 1.0516251967675991 2.005 8.205 1.340339283677567 7.963083283372582 1
18 0.4 0.9252709522772883 2.407 8.205 2.8117803882672168 8.906100198386277 1
19 0.4 0.8811633138115811 2.809 8.205 3.4962373720604187 8.78166062542714 1
20 0.4 1.1927587763330947 3.2110000000000003 8.205 3.2110000000000003 8.205 1
2 0.8486252941092778 1.2972505882185554 1.9876111988933574 6.7348338623567265 2.3722223977867145 6.068667724713453 1
5 0.8724959149801204 1.3449918299602406 1.9566632570622167 7.401 2.6095910826558346 7.9488714976409875 1
19 0.8811633138115811 1.362326627623162 3.4962373720604187 8.78166062542714 4.339258809072755 9.08849533534795 1
4 0.8976617150351964 1.395323430070393 3.0979958507090446 6.821185636525009 3.788991701418089 6.241371273050019 1
15 0.9045380223417603 1.4090760446835207 1.3520842965101794 9.061841624027911 2.0185887616831755 9.621105274932582 1
18 0.9252709522772883 1.4505419045545764 2.8117803882672168 8.906100198386277 3.431939922498504 9.426475834830823 1
8 0.9373082242977406 1.4746164485954814 1.0572367290488855 6.98767797512617 1.835207950330148 7.270836342788274 1
3 0.9406080998998111 1.481216199799622 2.44589984269476 6.63733907140355 3.1213975916314647 6.070529159409677 1
11 0.954790429289322 1.5095808585786439 3.1020785731958034 7.219759825592171 3.1020785731958034 7.219759825592171 1
16 0.9592293495444346 1.5184586990888693 0.9820379828230592 8.726048999588272 1.3873421546336866 9.428056417683905 1
14 0.9624100772514336 1.524820154502867 4.349022124722957 8.070890145160522 5.132280509903621 8.070890145160522 1
13 0.9881605683566648 1.5763211367133296 3.778056696785579 8.278817065129385 4.518296642234157 8.278817065129385 1
9 0.988459102869999 1.576918205739998 0.9100954946057189 7.550803384847536 1.0381390718323786 8.276974596491907 1
10 1.0107186259483951 1.6214372518967903 2.152088346557521 8.637179465709297 2.9480531284558626 8.926886953844482 1
12 1.0261911156023953 1.6523822312047907 2.440472840659208 7.164692236052717 3.0050892057620793 6.690922852338241 1
7 1.0471745270048398 1.6943490540096795 4.3856770582403755 7.401 5.11175598811942 7.13672888179617 1
17 1.0516251967675991 1.7032503935351984 1.340339283677567 7.963083283372582 1.8821756640382485 8.417737990291663 1
6 1.0555576684664258 1.7111153369328518 3.7722665056295948 6.930041482134046 4.460761799044976 7.18063327536962 1
1 1.0674875925575358 1.7349751851150716 1.3402738555207458 6.6111387152371295 1.4795477110414916 5.821277430474259 1
20 1.1927587763330947 1.9855175526661892 3.2110000000000003 8.205 3.903699688021768 7.952877932274592 1
2 1.2972505882185554 1.745875882327833 2.3722223977867145 6.068667724713453 2.7568335966800714 5.40250158707018 1
5 1.3449918299602406 1.8174877449403608 2.6095910826558346 7.9488714976409875 3.4105256304191656 8.240387832622302 1
19 1.362326627623162 1.843489941434743 4.339258809072755 9.08849533534795 5.1822802460850905 9.39533004526876 1
4 1.395323430070393 1.8929851451055895 3.788991701418089 6.241371273050019 4.6366235950210575 5.932858494163841 1
15 1.4090760446835207 1.9136140670252808 2.0185887616831755 9.621105274932582 2.6850932268561714 10.180368925837252 1
18 1.4505419045545764 1.9758128568318647 3.431939922498504 9.426475834830823 4.192678210285621 9.70336192765197 1
8 1.4746164485954814 2.011924672893222 1.835207950330148 7.270836342788274 2.469415900660296 7.803 1
3 1.481216199799622 2.021824299699433 3.1213975916314647 6.070529159409677 3.950018249003332 6.37212241419113 1
11 1.5095808585786439 2.064371287867966 3.1020785731958034 7.219759825592171 4.0094392093042845 7.219759825592171 1
16 1.5184586990888693 2.077688048633304 1.3873421546336866 9.428056417683905 2.197950498254941 9.428056417683905 1
14 1.524820154502867 2.0872302317543006 5.132280509903621 8.070890145160522 5.9155388950842855 8.070890145160522 1
13 1.5763211367133296 2.1644817050699943 4.518296642234157 8.278817065129385 5.258536587682735 8.278817065129385 1
9 1.576918205739998 2.165377308609997 1.0381390718323786 8.276974596491907 1.4068258583768836 7.638390350117524 1
10 1.6214372518967903 2.2321558778451855 2.9480531284558626 8.926886953844482 3.7440179103542044 9.216594441979668 1
12 1.6523822312047907 2.278573346807186 3.0050892057620793 6.690922852338241 3.0050892057620793 6.690922852338241 1
7 1.6943490540096795 2.341523581014519 5.11175598811942 7.13672888179617 5.837834917998464 6.87245776359234 1
17 1.7032503935351984 2.3548755903027976 1.8821756640382485 8.417737990291663 2.5468363803606815 8.659654706919081 1
6 1.7111153369328518 2.3666730053992775 4.460761799044976 7.18063327536962 5.193443186751905 7.18063327536962 1
1 1.7349751851150716 2.4024627776726075 1.4795477110414916 5.821277430474259 2.093950721351579 6.336822769819664 1
2 1.745875882327833 2.194501176437111 2.7568335966800714 5.40250158707018 3.5260559944667853 5.40250158707018 1
5 1.8174877449403608 2.2899836599204813 3.4105256304191656 8.240387832622302 4.211460178182497 8.531904167603617 1
19 1.843489941434743 2.324653255246324 5.1822802460850905 9.39533004526876 6.07940492107432 9.39533004526876 1
4 1.8929851451055895 2.390646860140786 4.6366235950210575 5.932858494163841 5.538654615435004 5.932858494163841 1
15 1.9136140670252808 2.418152089367041 2.6850932268561714 10.180368925837252 3.5026819885393463 10.477946898960491 1
18 1.9758128568318647 2.501083809109153 4.192678210285621 9.70336192765197 5.002238986820054 9.70336192765197 1
20 1.9855175526661892 2.778276328999284 3.903699688021768 7.952877932274592 4.6408552990155325 7.952877932274592 1
8 2.011924672893222 2.549232897190963 2.469415900660296 7.803 3.2973155819737543 7.803 1
3 2.021824299699433 2.5624323995992437 3.950018249003332 6.37212241419113 4.831817934392852 6.37212241419113 1
11 2.064371287867966 2.619161717157288 4.0094392093042845 7.219759825592171 4.0094392093042845 7.219759825592171 1
16 2.077688048633304 2.6369173981777383 2.197950498254941 9.428056417683905 2.959673177103322 9.70530079955023 1
14 2.0872302317543006 2.649640309005734 5.9155388950842855 8.070890145160522 6.69879728026495 8.070890145160522 1
13 2.1644817050699943 2.752642273426659 5.258536587682735 8.278817065129385 5.998776533131313 8.278817065129385 1
9 2.165377308609997 2.753836411479996 1.4068258583768836 7.638390350117524 2.1441994314658936 7.638390350117524 1
2 2.194501176437111 2.6431264705463886 3.5260559944667853 5.40250158707018 4.2952783922535 5.40250158707018 1
10 2.2321558778451855 2.8428745037935808 3.7440179103542044 9.216594441979668 4.392894345695026 9.761066419553778 1
12 2.278573346807186 2.904764462409581 3.0050892057620793 6.690922852338241 3.697693710145548 6.438835428623963 1
5 2.2899836599204813 2.7624795749006017 4.211460178182497 8.531904167603617 5.012394725945828 8.82342050258493 1
19 2.324653255246324 2.8058165690579053 6.07940492107432 9.39533004526876 6.97652959606355 9.39533004526876 1
7 2.341523581014519 2.988698108019359 5.837834917998464 6.87245776359234 6.61051197623884 6.87245776359234 1
17 2.3548755903027976 3.006500787070397 2.5468363803606815 8.659654706919081 3.2541535409089324 8.659654706919081 1
6 2.3666730053992775 3.022230673865703 5.193443186751905 7.18063327536962 5.926124574458834 7.18063327536962 1
4 2.390646860140786 2.8883085751759823 5.538654615435004 5.932858494163841 6.44068563584895 5.932858494163841 1
1 2.4024627776726075 3.0699503702301434 2.093950721351579 6.336822769819664 2.847627587182412 6.6111387152371295 1
15 2.418152089367041 2.922690111708801 3.5026819885393463 10.477946898960491 4.320270750222521 10.77552487208373 1
18 2.501083809109153 3.0263547613864414 5.002238986820054 9.70336192765197 5.811799763354488 9.70336192765197 1
8 2.549232897190963 3.0865411214887035 3.2973155819737543 7.803 3.931523532303902 8.335163657211726 1
3 2.5624323995992437 3.1030404994990546 4.831817934392852 6.37212241419113 5.660438591764719 6.070529159409676 1
11 2.619161717157288 3.17395214644661 4.0094392093042845 7.219759825592171 4.862079303447032 6.909424210782278 1
16 2.6369173981777383 3.1961467477221728 2.959673177103322 9.70530079955023 3.580635194280263 10.2263497991385 1
2 2.6431264705463886 3.0917517646556663 4.2952783922535 5.40250158707018 5.0645007900402135 5.40250158707018 1
14 2.649640309005734 3.2120503862571677 6.69879728026495 8.070890145160522 7.482055665445614 8.070890145160522 1
13 2.752642273426659 3.3408028417833235 5.998776533131313 8.278817065129385 6.739016478579891 8.278817065129385 1
9 2.753836411479996 3.342295514349995 2.1441994314658936 7.638390350117524 2.8815730045549035 7.638390350117524 1
5 2.7624795749006017 3.234975489880722 5.012394725945828 8.82342050258493 5.813329273709159 8.531904167603615 1
20 2.778276328999284 3.5710351053323786 4.6408552990155325 7.952877932274592 5.378010910009297 7.952877932274592 1
19 2.8058165690579053 3.2869798828694865 6.97652959606355 9.39533004526876 7.8736542710527795 9.39533004526876 1
10 2.8428745037935808 3.453593129741976 4.392894345695026 9.761066419553778 5.041770781035846 9.216594441979666 1
4 2.8883085751759823 3.3859702902111786 6.44068563584895 5.932858494163841 7.342716656262896 5.932858494163841 1
12 2.904764462409581 3.530955578011976 3.697693710145548 6.438835428623963 4.390298214529016 6.186748004909685 1
15 2.922690111708801 3.4272281340505613 4.320270750222521 10.77552487208373 5.190330537431862 10.77552487208373 1
7 2.988698108019359 3.6358726350241986 6.61051197623884 6.87245776359234 7.336590906117884 7.13672888179617 1
17 3.006500787070397 3.658125983837996 3.2541535409089324 8.659654706919081 3.795989921269614 9.114309413838162 1
6 3.022230673865703 3.677788342332129 5.926124574458834 7.18063327536962 6.6146198678742145 6.930041482134046 1
18 3.0263547613864414 3.5516257136637295 5.811799763354488 9.70336192765197 6.621360539888921 9.70336192765197 1
1 3.0699503702301434 3.7374379627876793 2.847627587182412 6.6111387152371295 3.6013044530132454 6.885454660654595 1
8 3.0865411214887035 3.6238493457864442 3.931523532303902 8.335163657211726 4.709494753585164 8.052005289549621 1
2 3.0917517646556663 3.540377058764944 5.0645007900402135 5.40250158707018 5.787333400983631 5.139412032329853 1
3 3.1030404994990546 3.6436485993988654 5.660438591764719 6.070529159409676 6.5422382771542384 6.070529159409676 1
11 3.17395214644661 3.728742575735932 4.862079303447032 6.909424210782278 5.7694399395555145 6.909424210782278 1
16 3.1961467477221728 3.7553760972666073 3.580635194280263 10.2263497991385 4.391243537901517 10.2263497991385 1
14 3.2120503862571677 3.774460463508601 7.482055665445614 8.070890145160522 8.265314050626278 8.070890145160522 1
5 3.234975489880722 3.7074714048608426 5.813329273709159 8.531904167603615 6.614263821472489 8.82342050258493 1
19 3.2869798828694865 3.7681431966810677 7.8736542710527795 9.39533004526876 8.77077894604201 9.39533004526876 1
13 3.3408028417833235 3.928963410139988 6.739016478579891 8.278817065129385 7.434614492928882 8.531994037367092 1
9 3.342295514349995 3.930754617219994 2.8815730045549035 7.638390350117524 3.574477509949185 7.890586965269987 1
4 3.3859702902111786 3.883632005246375 7.342716656262896 5.932858494163841 8.190348549865863 6.241371273050018 1
15 3.4272281340505613 3.9317661563923214 5.190330537431862 10.77552487208373 6.060390324641203 10.77552487208373 1
10 3.453593129741976 4.064311755690371 5.041770781035846 9.216594441979666 5.8377355629341885 9.506301930114851 1
12 3.530955578011976 4.157146693614371 4.390298214529016 6.186748004909685 5.127352533210599 6.186748004909685 1
2 3.540377058764944 3.9890023528742216 5.787333400983631 5.139412032329853 6.5565557987703444 5.139412032329853 1
18 3.5516257136637295 4.0768966659410175 6.621360539888921 9.70336192765197 7.430921316423355 9.70336192765197 1
20 3.5710351053323786 4.363793881665473 5.378010910009297 7.952877932274592 6.1151665210030615 7.952877932274592 1
8 3.6238493457864442 4.1611575700841845 4.709494753585164 8.052005289549621 5.343702703915312 8.584168946761347 1
7 3.6358726350241986 4.283047162029038 7.336590906117884 7.13672888179617 8.10926796435826 7.13672888179617 1
3 3.6436485993988654 4.184256699298676 6.5422382771542384 6.070529159409676 7.424037962543759 6.070529159409676 1
17 3.658125983837996 4.309751180605595 3.795989921269614 9.114309413838162 4.503307081817865 9.114309413838162 1
6 3.677788342332129 4.333346010798555 6.6146198678742145 6.930041482134046 7.175886373503809 7.401 1
5 3.7074714048608426 4.179967319840963 6.614263821472489 8.82342050258493 7.415198369235821 9.114936837566244 1
11 3.728742575735932 4.283533005025253 5.7694399395555145 6.909424210782278 6.622080033698262 6.599088595972384 1
1 3.7374379627876793 4.404925555345216 3.6013044530132454 6.885454660654595 4.354981318844079 7.159770606072061 1
16 3.7553760972666073 4.314605446811042 4.391243537901517 10.2263497991385 5.201851881522772 10.2263497991385 1
19 3.7681431966810677 4.249306510492649 8.77077894604201 9.39533004526876 9.667903621031238 9.39533004526876 1
14 3.774460463508601 4.336870540760035 8.265314050626278 8.070890145160522 9.048572435806943 8.070890145160522 1
4 3.883632005246375 4.381293720281572 8.190348549865863 6.241371273050018 9.037980443468832 6.549884051936195 1
13 3.928963410139988 4.517123978496653 7.434614492928882 8.531994037367092 8.17485443837746 8.531994037367092 1
9 3.930754617219994 4.519213720089994 3.574477509949185 7.890586965269987 4.2673820153434665 8.142783580422451 1
15 3.9317661563923214 4.436304178734082 6.060390324641203 10.77552487208373 6.9304501118505435 10.77552487208373 1
2 3.9890023528742216 4.4376276469835 6.5565557987703444 5.139412032329853 7.325778196557058 5.139412032329853 1
10 4.064311755690371 4.675030381638766 5.8377355629341885 9.506301930114851 6.486611998275009 8.96182995254074 1
18 4.0768966659410175 4.6021676182183056 7.430921316423355 9.70336192765197 8.191659604210471 9.980248020473118 1
12 4.157146693614371 4.783337809216767 5.127352533210599 6.186748004909685 5.691968898313471 6.66051738862416 1
8 4.1611575700841845 4.698465794381925 5.343702703915312 8.584168946761347 5.757652544572042 9.301151102563843 1
5 4.179967319840963 4.6524632348210835 7.415198369235821 9.114936837566244 8.267535112173604 9.114936837566244 1
3 4.184256699298676 4.724864799198487 7.424037962543759 6.070529159409676 8.305837647933279 6.070529159409676 1
19 4.249306510492649 4.73046982430423 9.667903621031238 9.39533004526876 10.565028296020467 9.39533004526876 1
7 4.283047162029038 4.9302216890338775 8.10926796435826 7.13672888179617 8.835346894237304 7.401 1
11 4.283533005025253 4.838323434314575 6.622080033698262 6.599088595972384 7.529440669806744 6.599088595972384 1
17 4.309751180605595 4.961376377373194 4.503307081817865 9.114309413838162 5.167967798140298 8.872392697210744 1
16 4.314605446811042 4.873834796355476 5.201851881522772 10.2263497991385 5.9635745603711525 10.503594181004825 1
6 4.333346010798555 4.988903679264981 7.175886373503809 7.401 7.86438166691919 7.651591793235574 1
14 4.336870540760035 4.899280618011469 9.048572435806943 8.070890145160522 9.7845945605299 8.338780290321045 1
20 4.363793881665473 5.156552657998568 6.1151665210030615 7.952877932274592 6.852322131996826 7.952877932274592 1
4 4.381293720281572 4.878955435316768 9.037980443468832 6.549884051936195 9.885612337071802 6.858396830822373 1
1 4.404925555345216 5.072413147902751 4.354981318844079 7.159770606072061 5.108658184674912 7.434086551489527 1
15 4.436304178734082 4.940842201075842 6.9304501118505435 10.77552487208373 7.7480388735337185 11.07310284520697 1
2 4.4376276469835 4.886252941092778 7.325778196557058 5.139412032329853 8.095000594343773 5.139412032329853 1
13 4.517123978496653 5.105284546853318 8.17485443837746 8.531994037367092 8.915094383826037 8.531994037367092 1
9 4.519213720089994 5.107672822959993 4.2673820153434665 8.142783580422451 5.004755588432476 8.142783580422451 1
18 4.6021676182183056 5.127438570495594 8.191659604210471 9.980248020473118 9.001220380744906 9.980248020473118 1
5 4.6524632348210835 5.124959149801204 8.267535112173604 9.114936837566244 9.119871855111388 9.114936837566244 1
10 4.675030381638766 5.285749007587162 6.486611998275009 8.96182995254074 7.3336600268448615 8.96182995254074 1
8 4.698465794381925 5.235774018679666 5.757652544572042 9.301151102563843 6.5356237658533045 9.584309470225946 1
3 4.724864799198487 5.265472899098298 8.305837647933279 6.070529159409676 9.1876373333228 6.070529159409676 1
19 4.73046982430423 5.21163313811581 10.565028296020467 9.39533004526876 11.462152971009695 9.39533004526876 1
12 4.783337809216767 5.4095289248191625 5.691968898313471 6.66051738862416 6.38457340269694 6.912604812338438 1
11 4.838323434314575 5.393113863603897 7.529440669806744 6.599088595972384 8.436801305915226 6.599088595972384 1
16 4.873834796355476 5.433064145899911 5.9635745603711525 10.503594181004825 6.725297239219533 10.78083856287115 1
4 4.878955435316768 5.376617150351964 9.885612337071802 6.858396830822373 10.73324423067477 7.16690960970855 1
2 4.886252941092778 5.334878235202056 8.095000594343773 5.139412032329853 8.864222992130488 5.139412032329853 1
14 4.899280618011469 5.461690695262902 9.7845945605299 8.338780290321045 10.567852945710564 8.338780290321045 1
7 4.9302216890338775 5.577396216038717 8.835346894237304 7.401 9.561425824116348 7.66527111820383 1
15 4.940842201075842 5.445380223417603 7.7480388735337185 11.07310284520697 8.618098660743058 11.07310284520697 1
17 4.961376377373194 5.613001574140792 5.167967798140298 8.872392697210744 5.875284958688549 8.872392697210744 1
6 4.988903679264981 5.644461347731407 7.86438166691919 7.651591793235574 8.597063054626119 7.651591793235574 1
1 5.072413147902751 5.739900740460287 5.108658184674912 7.434086551489527 5.862335050505745 7.708402496906992 1
13 5.105284546853318 5.693445115209983 8.915094383826037 8.531994037367092 9.655334329274615 8.531994037367092 1
9 5.107672822959993 5.696131925829992 5.004755588432476 8.142783580422451 5.004755588432476 8.142783580422451 1
5 5.124959149801204 5.597455064781324 9.119871855111388 9.114936837566244 9.92080640287472 9.406453172547558 1
18 5.127438570495594 5.652709522772882 9.001220380744906 9.980248020473118 9.761958668532023 10.257134113294265 1
20 5.156552657998568 5.949311434331663 6.852322131996826 7.952877932274592 7.58947774299059 7.952877932274592 1
19 5.21163313811581 5.692796451927391 11.462152971009695 9.39533004526876 12.359277645998924 9.39533004526876 1
8 5.235774018679666 5.773082242977407 6.5356237658533045 9.584309470225946 7.313594987134567 9.86746783788805 1
3 5.265472899098298 5.806080998998109 9.1876373333228 6.070529159409676 10.016257990694667 6.3721224141911295 1
10 5.285749007587162 5.896467633535558 7.3336600268448615 8.96182995254074 8.180708055414714 8.96182995254074 1
2 5.334878235202056 5.783503529311334 8.864222992130488 5.139412032329853 9.587055603073905 5.402501587070179 1
4 5.376617150351964 5.8742788653871605 10.73324423067477 7.16690960970855 11.58087612427774 7.475422388594727 1
11 5.393113863603897 5.947904292893219 8.436801305915226 6.599088595972384 9.289441400057974 6.909424210782277 1
12 5.4095289248191625 6.035720040421558 6.38457340269694 6.912604812338438 7.121627721378523 6.912604812338438 1
16 5.433064145899911 5.992293495444345 6.725297239219533 10.78083856287115 7.487019918067914 11.058082944737475 1
15 5.445380223417603 5.949918245759363 8.618098660743058 11.07310284520697 9.435687422426234 11.370680818330209 1
14 5.461690695262902 6.024100772514336 10.567852945710564 8.338780290321045 11.303875070433522 8.606670435481568 1
7 5.577396216038717 6.224570743043556 9.561425824116348 7.66527111820383 10.334102882356724 7.66527111820383 1
5 5.597455064781324 6.069950979761445 9.92080640287472 9.406453172547558 10.72174095063805 9.697969507528871 1
17 5.613001574140792 6.264626770908391 5.875284958688549 8.872392697210744 6.5826021192368 8.872392697210744 1
6 5.644461347731407 6.300019016197833 8.597063054626119 7.651591793235574 9.2855583480415 7.902183586471148 1
18 5.652709522772882 6.17798047505017 9.761958668532023 10.257134113294265 10.52269695631914 10.534020206115413 1
19 5.692796451927391 6.173959765738972 12.359277645998924 9.39533004526876 13.256402320988153 9.39533004526876 1
13 5.693445115209983 6.2816056835666485 9.655334329274615 8.531994037367092 10.350932343623606 8.785171009604799 1
9 5.696131925829992 6.284591028699991 5.004755588432476 8.142783580422451 5.569616516600098 8.616758176914358 1
1 5.739900740460287 6.407388333017823 5.862335050505745 7.708402496906992 6.664381218752228 7.708402496906992 1
8 5.773082242977407 6.310390467275147 7.313594987134567 9.86746783788805 8.091566208415829 10.150626205550154 1
2 5.783503529311334 6.232128823420612 9.587055603073905 5.402501587070179 10.35627800086062 5.402501587070179 1
3 5.806080998998109 6.34668909889792 10.016257990694667 6.3721224141911295 10.844878648066535 6.673715668972583 1
4 5.8742788653871605 6.371940580422357 11.58087612427774 7.475422388594727 12.42850801788071 7.783935167480904 1
10 5.896467633535558 6.507186259483953 8.180708055414714 8.96182995254074 9.027756083984567 8.96182995254074 1
11 5.947904292893219 6.502694722182541 9.289441400057974 6.909424210782277 10.142081494200722 6.599088595972384 1
20 5.949311434331663 6.742070210664758 7.58947774299059 7.952877932274592 8.282177431012359 8.205 1
15 5.949918245759363 6.454456268101124 9.435687422426234 11.370680818330209 10.25327618410941 11.668258791453448 1
16 5.992293495444345 6.55152284498878 7.487019918067914 11.058082944737475 8.248742596916296 11.3353273266038 1
14 6.024100772514336 6.586510849765769 11.303875070433522 8.606670435481568 12.03989719515648 8.874560580642092 1
12 6.035720040421558 6.661911156023954 7.121627721378523 6.912604812338438 7.814232225761993 7.1646922360527165 1
5 6.069950979761445 6.542446894741565 10.72174095063805 9.697969507528871 11.522675498401382 9.989485842510184 1
19 6.173959765738972 6.6551230795505525 13.256402320988153 9.39533004526876 14.099423758000489 9.702164755189571 1
18 6.17798047505017 6.703251427327458 10.52269695631914 10.534020206115413 11.283435244106256 10.81090629893656 1
7 6.224570743043556 6.871745270048396 10.334102882356724 7.66527111820383 11.060181812235768 7.929542236407659 1
2 6.232128823420612 6.68075411752989 10.35627800086062 5.402501587070179 11.079110611804037 5.665591141810506 1
17 6.264626770908391 6.91625196767599 6.5826021192368 8.872392697210744 7.2899192797850505 8.872392697210744 1
13 6.2816056835666485 6.869766251923314 10.350932343623606 8.785171009604799 11.046530357972598 9.038347981842506 1
9 6.284591028699991 6.87305013156999 5.569616516600098 8.616758176914358 6.262521021994379 8.868954792066821 1
6 6.300019016197833 6.955576684664259 9.2855583480415 7.902183586471148 9.97405364145688 8.152775379706721 1
8 6.310390467275147 6.847698691572888 8.091566208415829 10.150626205550154 8.919465889729288 10.150626205550154 1
3 6.34668909889792 6.8872971987977305 10.844878648066535 6.673715668972583 11.673499305438403 6.975308923754036 1
4 6.371940580422357 6.869602295457553 12.42850801788071 7.783935167480904 13.119503868589755 8.363749530955895 1
1 6.407388333017823 7.074875925575359 6.664381218752228 7.708402496906992 7.418058084583062 7.982718442324458 1
15 6.454456268101124 6.9589942904428845 10.25327618410941 11.668258791453448 11.12333597131875 11.668258791453448 1
11 6.502694722182541 7.057485151471863 10.142081494200722 6.599088595972384 10.99472158834347 6.909424210782277 1
10 6.507186259483953 7.117904885432349 9.027756083984567 8.96182995254074 9.823720865882908 9.251537440675925 1
5 6.542446894741565 7.014942809721686 11.522675498401382 9.989485842510184 12.375012241339165 9.989485842510184 1
16 6.55152284498878 7.110752194533214 8.248742596916296 11.3353273266038 9.05935094053755 11.3353273266038 1
14 6.586510849765769 7.148920927017203 12.03989719515648 8.874560580642092 12.775919319879437 9.142450725802615 1
19 6.6551230795505525 7.136286393362133 14.099423758000489 9.702164755189571 14.996548432989718 9.702164755189571 1
12 6.661911156023954 7.288102271626349 7.814232225761993 7.1646922360527165 8.551286544443576 7.1646922360527165 1
2 6.68075411752989 7.129379411639168 11.079110611804037 5.665591141810506 11.801943222747454 5.928680696550832 1
18 6.703251427327458 7.228522379604746 11.283435244106256 10.81090629893656 12.09299602064069 10.81090629893656 1
20 6.742070210664758 7.534828986997852 8.282177431012359 8.205 8.974877119034128 8.457122067725408 1
8 6.847698691572888 7.385006915870629 8.919465889729288 10.150626205550154 9.69743711101055 10.433784573212257 1
4 6.869602295457553 7.367264010492749 13.119503868589755 8.363749530955895 13.8104997192988 8.943563894430884 1
13 6.869766251923314 7.457926820279979 11.046530357972598 9.038347981842506 11.786770303421175 9.038347981842506 1
7 6.871745270048396 7.518919797053235 11.060181812235768 7.929542236407659 11.832858870476144 7.929542236407659 1
9 6.87305013156999 7.461509234439989 6.262521021994379 8.868954792066821 6.631207808538885 9.507539038441205 1
3 6.8872971987977305 7.427905298697541 11.673499305438403 6.975308923754036 12.502119962810271 7.276902178535489 1
17 6.91625196767599 7.567877164443589 7.2899192797850505 8.872392697210744 7.9545799961074835 9.114309413838162 1
6 6.955576684664259 7.611134353130685 9.97405364145688 8.152775379706721 10.66254893487226 8.403367172942295 1
15 6.9589942904428845 7.463532312784645 11.12333597131875 11.668258791453448 11.993395758528091 11.668258791453448 1
5 7.014942809721686 7.487438724701806 12.375012241339165 9.989485842510184 13.175946789102497 10.281002177491498 1
11 7.057485151471863 7.612275580761185 10.99472158834347 6.909424210782277 11.902082224451952 6.909424210782277 1
1 7.074875925575359 7.742363518132895 7.418058084583062 7.982718442324458 8.220104252829545 7.982718442324458 1
16 7.110752194533214 7.669981544077649 9.05935094053755 11.3353273266038 9.869959284158805 11.3353273266038 1
10 7.117904885432349 7.728623511380745 9.823720865882908 9.251537440675925 10.61968564778125 9.54124492881111 1
2 7.129379411639168 7.578004705748446 11.801943222747454 5.928680696550832 12.524775833690871 6.1917702512911585 1
19 7.136286393362133 7.617449707173714 14.996548432989718 9.702164755189571 15.893673107978946 9.702164755189571 1
14 7.148920927017203 7.7113310042686365 12.775919319879437 9.142450725802615 13.511941444602394 9.410340870963138 1
18 7.228522379604746 7.753793331882034 12.09299602064069 10.81090629893656 12.853734308427807 11.087792391757707 1
12 7.288102271626349 7.914293387228745 8.551286544443576 7.1646922360527165 9.288340863125159 7.1646922360527165 1
4 7.367264010492749 7.864925725527946 13.8104997192988 8.943563894430884 14.501495570007846 9.523378257905874 1
8 7.385006915870629 7.92231514016837 9.69743711101055 10.433784573212257 10.52533679232401 10.433784573212257 1
3 7.427905298697541 7.968513398597352 12.502119962810271 7.276902178535489 13.177617711746976 7.843712090529361 1
13 7.457926820279979 8.046087388636643 11.786770303421175 9.038347981842506 12.527010248869752 9.038347981842506 1
9 7.461509234439989 8.049968337309988 6.631207808538885 9.507539038441205 7.196068736706506 9.981513634933112 1
15 7.463532312784645 7.968070335126406 11.993395758528091 11.668258791453448 12.810984520211267 11.965836764576688 1
5 7.487438724701806 7.959934639681927 13.175946789102497 10.281002177491498 13.976881336865828 10.572518512472811 1
7 7.518919797053235 8.166094324058076 11.832858870476144 7.929542236407659 12.558937800355189 8.193813354611489 1
20 7.534828986997852 8.327587763330946 8.974877119034128 8.457122067725408 9.667576807055896 8.709244135450815 1
17 7.567877164443589 8.219502361211187 7.9545799961074835 9.114309413838162 8.661897156655733 9.114309413838162 1
2 7.578004705748446 8.026629999857724 12.524775833690871 6.1917702512911585 13.11403437703804 6.6862168776818285 1
6 7.611134353130685 8.26669202159711 10.66254893487226 8.403367172942295 11.39523032257919 8.403367172942295 1
11 7.612275580761185 8.167066010050508 11.902082224451952 6.909424210782277 12.597160797647756 7.492664385190106 1
19 7.617449707173714 8.098613020985296 15.893673107978946 9.702164755189571 16.790797782968177 9.702164755189571 1
16 7.669981544077649 8.229210893622083 9.869959284158805 11.3353273266038 10.680567627780059 11.3353273266038 1
14 7.7113310042686365 8.27374108152007 13.511941444602394 9.410340870963138 13.903570637192727 8.732019211669506 1
10 7.728623511380745 8.33934213732914 10.61968564778125 9.54124492881111 11.466733676351103 9.54124492881111 1
1 7.742363518132895 8.40985111069043 8.220104252829545 7.982718442324458 9.022150421076027 7.982718442324458 1
18 7.753793331882034 8.279064284159322 12.853734308427807 11.087792391757707 12.994313061983636 10.290530662492014 1
4 7.864925725527946 8.362587440563143 14.501495570007846 9.523378257905874 15.40352659042179 9.523378257905874 1
12 7.914293387228745 8.54048450283114 9.288340863125159 7.1646922360527165 9.980945367508628 7.416779659766995 1
8 7.92231514016837 8.45962336446611 10.52533679232401 10.433784573212257 11.35323647363747 10.433784573212257 1
5 7.959934639681927 8.432430554662046 13.976881336865828 10.572518512472811 14.124888059035541 9.73313067985051 1
15 7.968070335126406 8.472608357468166 12.810984520211267 11.965836764576688 13.477488985384262 11.406573113672016 1
3 7.968513398597352 8.509121498497164 13.177617711746976 7.843712090529361 14.006238369118844 8.145305345310813 1
2 8.026629999857724 8.475255293967 13.11403437703804 6.6862168776818285 13.70329292038521 7.180663504072498 1
13 8.046087388636643 8.634247956993308 12.527010248869752 9.038347981842506 13.222608263218744 9.291524954080213 1
9 8.049968337309988 8.638427440179987 7.196068736706506 9.981513634933112 7.933442309795516 9.981513634933112 1
19 8.098613020985296 8.579776334796877 16.790797782968177 9.702164755189571 17.687922457957406 9.702164755189571 1
7 8.166094324058076 8.813268851062915 12.558937800355189 8.193813354611489 13.285016730234233 8.458084472815319 1
11 8.167066010050508 8.721856439339831 12.597160797647756 7.492664385190106 12.439599276700813 8.386240174407828 1
17 8.219502361211187 8.871127557978786 8.661897156655733 9.114309413838162 9.203733537016415 9.568964120757244 1
16 8.229210893622083 8.788440243166518 10.680567627780059 11.3353273266038 11.491175971401313 11.3353273266038 1
6 8.26669202159711 8.922249690063536 11.39523032257919 8.403367172942295 11.956496828208785 8.874325690808249 1
14 8.27374108152007 8.836151158771504 13.903570637192727 8.732019211669506 14.50358137068672 9.235487996846725 1
18 8.279064284159322 8.80433523643661 12.994313061983636 10.290530662492014 13.755051349770753 10.567416755313161 1
20 8.327587763330946 9.120346539664041 9.667576807055896 8.709244135450815 10.40473241804966 8.709244135450815 1
10 8.33934213732914 8.950060763277536 11.466733676351103 9.54124492881111 12.262698458249444 9.830952416946296 1
4 8.362587440563143 8.86024915559834 15.40352659042179 9.523378257905874 16.305557610835738 9.523378257905874 1
1 8.40985111069043 9.077338703247968 9.022150421076027 7.982718442324458 9.636553431386115 8.498263781669863 1
5 8.432430554662046 8.904926469642167 14.124888059035541 9.73313067985051 14.977224801973325 9.73313067985051 1
8 8.45962336446611 8.99693158876385 11.35323647363747 10.433784573212257 12.131207694918732 10.716942940874361 1
15 8.472608357468166 8.977146379809927 13.477488985384262 11.406573113672016 13.477488985384262 11.406573113672016 1
2 8.475255293967 8.923880588076278 13.70329292038521 7.180663504072498 13.70329292038521 7.180663504072498 1
3 8.509121498497164 9.049729598396976 14.006238369118844 8.145305345310813 14.006238369118844 8.145305345310813 1
12 8.54048450283114 9.166675618433535 9.980945367508628 7.416779659766995 10.673549871892098 7.668867083481273 1
19 8.579776334796877 9.060939648608459 17.687922457957406 9.702164755189571 18.585047132946634 9.702164755189571 1
13 8.634247956993308 9.222408525349973 13.222608263218744 9.291524954080213 13.918206277567736 9.54470192631792 1
9 8.638427440179987 9.226886543049986 7.933442309795516 9.981513634933112 8.498303237963137 10.455488231425019 1
11 8.721856439339831 9.276646868629154 12.439599276700813 8.386240174407828 12.893279594755054 9.17203753567178 1
16 8.788440243166518 9.347669592710952 11.491175971401313 11.3353273266038 12.252898650249694 11.612571708470124 1
18 8.80433523643661 9.3296061887139 13.755051349770753 10.567416755313161 13.755051349770753 10.567416755313161 1
7 8.813268851062915 9.460443378067755 13.285016730234233 8.458084472815319 13.285016730234233 8.458084472815319 1
14 8.836151158771504 9.398561236022937 14.50358137068672 9.235487996846725 15.286839755867383 9.235487996846725 1
4 8.86024915559834 9.357910870633535 16.305557610835738 9.523378257905874 17.207588631249685 9.523378257905874 1
17 8.871127557978786 9.522752754746385 9.203733537016415 9.568964120757244 9.868394253338849 9.810880837384662 1
5 8.904926469642167 9.377422384622287 14.977224801973325 9.73313067985051 15.829561544911108 9.73313067985051 1
6 8.922249690063536 9.577807358529961 11.956496828208785 8.874325690808249 12.32283752206225 8.239804996174012 1
2 8.923880588076278 9.372505882185555 13.70329292038521 7.180663504072498 13.70329292038521 7.180663504072498 1
10 8.950060763277536 9.560779389225932 12.262698458249444 9.830952416946296 13.058663240147785 10.120659905081482 1
15 8.977146379809927 9.481684402151688 13.477488985384262 11.406573113672016 13.477488985384262 11.406573113672016 1
8 8.99693158876385 9.53423981306159 12.131207694918732 10.716942940874361 11.987444423967618 9.901620916000532 1
3 9.049729598396976 9.590337698296787 14.006238369118844 8.145305345310813 14.159361277554007 9.013708512086138 1
19 9.060939648608459 9.54210296242004 18.585047132946634 9.702164755189571 19.482171807935863 9.702164755189571 1
1 9.077338703247968 9.744826295805503 9.636553431386115 8.498263781669863 9.77582728690686 7.708402496906992 1
20 9.120346539664041 9.913105315997136 10.40473241804966 8.709244135450815 11.141888029043423 8.709244135450815 1
12 9.166675618433535 9.79286673403593 10.673549871892098 7.668867083481273 11.41060419057368 7.668867083481273 1
13 9.222408525349973 9.810569093706638 13.918206277567736 9.54470192631792 14.613804291916727 9.797878898555627 1
9 9.226886543049986 9.815345645919985 8.498303237963137 10.455488231425019 9.191207743357419 10.707684846577482 1
11 9.276646868629154 9.831437297918477 12.893279594755054 9.17203753567178 13.745919688897802 9.482373150481672 1
18 9.3296061887139 9.854877140991189 13.755051349770753 10.567416755313161 13.755051349770753 10.567416755313161 1
16 9.347669592710952 9.906898942255387 12.252898650249694 11.612571708470124 12.658202822060321 10.910564290374491 1
4 9.357910870633535 9.855572585668732 17.207588631249685 9.523378257905874 18.109619651663632 9.523378257905874 1
2 9.372505882185555 9.821131176294832 13.70329292038521 7.180663504072498 13.836866987981459 7.938199685203495 1
5 9.377422384622287 9.849918299602408 15.829561544911108 9.73313067985051 16.68189828784889 9.73313067985051 1
14 9.398561236022937 9.96097131327437 15.286839755867383 9.235487996846725 16.07009814104805 9.235487996846725 1
7 9.460443378067755 10.107617905072594 13.285016730234233 8.458084472815319 13.285016730234233 8.458084472815319 1
15 9.481684402151688 9.986222424493448 13.477488985384262 11.406573113672016 13.477488985384262 11.406573113672016 1
17 9.522752754746385 10.174377951513984 9.868394253338849 9.810880837384662 10.575711413887099 9.810880837384662 1
8 9.53423981306159 10.071548037359332 11.987444423967618 9.901620916000532 12.621652374297765 9.369457258788806 1
19 9.54210296242004 10.023266276231622 19.482171807935863 9.702164755189571 20.379296482925092 9.702164755189571 1
10 9.560779389225932 10.171498015174327 13.058663240147785 10.120659905081482 13.058663240147785 10.120659905081482 1
6 9.577807358529961 10.233365026996387 12.32283752206225 8.239804996174012 12.689178215915714 7.6052843015397755 1
3 9.590337698296787 10.1309457981966 14.159361277554007 9.013708512086138 14.987981934925875 9.315301766867591 1
1 9.744826295805503 10.412313888363038 9.77582728690686 7.708402496906992 10.529504152737694 7.982718442324458 1
12 9.79286673403593 10.419057849638326 11.41060419057368 7.668867083481273 11.975220555676552 8.142636467195748 1
13 9.810569093706638 10.398729662063303 14.613804291916727 9.797878898555627 15.354044237365304 9.797878898555627 1
9 9.815345645919985 10.403804748789984 9.191207743357419 10.707684846577482 9.92858131644643 10.707684846577482 1
2 9.821131176294832 10.26975647040411 13.836866987981459 7.938199685203495 13.970441055577709 8.695735866334491 1
11 9.831437297918477 10.3862277272078 13.745919688897802 9.482373150481672 14.59855978304055 9.792708765291565 1
5 9.849918299602408 10.322414214582528 16.68189828784889 9.73313067985051 17.33482611344251 10.281002177491498 1
18 9.854877140991189 10.380148093268478 13.755051349770753 10.567416755313161 13.895630103326582 9.770155026047467 1
4 9.855572585668732 10.353234300703928 18.109619651663632 9.523378257905874 19.01165067207758 9.523378257905874 1
16 9.906898942255387 10.466128291799821 12.658202822060321 10.910564290374491 13.419925500908702 10.633319908508167 1
20 9.913105315997136 10.70586409233023 11.141888029043423 8.709244135450815 11.706581988559172 9.183078628608516 1
14 9.96097131327437 10.523381390525804 16.07009814104805 9.235487996846725 16.853356526228715 9.235487996846725 1
15 9.986222424493448 10.490760446835209 13.477488985384262 11.406573113672016 14.143993450557257 10.847309462767344 1
19 10.023266276231622 10.504429590043204 20.379296482925092 9.702164755189571 21.27642115791432 9.702164755189571 1
8 10.071548037359332 10.608856261657072 12.621652374297765 9.369457258788806 13.449552055611225 9.369457258788806 1
7 10.107617905072594 10.754792432077434 13.285016730234233 8.458084472815319 13.876921697024791 7.96141723348936 1
3 10.1309457981966 10.67155389809641 14.987981934925875 9.315301766867591 15.869781620315395 9.315301766867591 1
10 10.171498015174327 10.782216641122723 13.058663240147785 10.120659905081482 12.635139225862858 9.387094794114462 1
17 10.174377951513984 10.826003148281583 10.575711413887099 9.810880837384662 11.240372130209533 10.05279755401208 1
6 10.233365026996387 10.888922695462812 12.689178215915714 7.6052843015397755 13.055518909769178 8.239804996174012 1
2 10.26975647040411 10.718381764513387 13.970441055577709 8.695735866334491 13.970441055577709 8.695735866334491 1
5 10.322414214582528 10.794910129562648 17.33482611344251 10.281002177491498 18.187162856380294 10.281002177491498 1
4 10.353234300703928 10.850896015739124 19.01165067207758 9.523378257905874 19.913681692491526 9.523378257905874 1
18 10.380148093268478 10.905419045545766 13.895630103326582 9.770155026047467 13.895630103326582 9.770155026047467 1
11 10.3862277272078 10.941018156497123 14.59855978304055 9.792708765291565 15.293638356236352 9.209468590883736 1
13 10.398729662063303 10.986890230419968 15.354044237365304 9.797878898555627 16.049642251714296 10.051055870793334 1
9 10.403804748789984 10.992263851659983 9.92858131644643 10.707684846577482 10.62148582184071 10.959881461729946 1
1 10.412313888363038 11.079801480920572 10.529504152737694 7.982718442324458 11.143907163047782 8.498263781669863 1
12 10.419057849638326 11.045248965240722 11.975220555676552 8.142636467195748 12.539836920779424 7.668867083481272 1
16 10.466128291799821 11.025357641344256 13.419925500908702 10.633319908508167 13.419925500908702 10.633319908508167 1
15 10.490760446835209 10.99529846917697 14.143993450557257 10.847309462767344 14.295077747067436 9.990467838739432 1
19 10.504429590043204 10.985592903854785 21.27642115791432 9.702164755189571 22.17354583290355 9.702164755189571 1
14 10.523381390525804 11.085791467777238 16.853356526228715 9.235487996846725 17.63661491140938 9.235487996846725 1
8 10.608856261657072 11.146164485954813 13.449552055611225 9.369457258788806 14.277451736924684 9.369457258788806 1
3 10.67155389809641 11.212161997996223 15.869781620315395 9.315301766867591 16.69840227768726 9.013708512086138 1
20 10.70586409233023 11.498622868663325 11.706581988559172 9.183078628608516 12.271275948074921 8.709244135450813 1
2 10.718381764513387 11.167007058622664 13.970441055577709 8.695735866334491 13.970441055577709 8.695735866334491 1
7 10.754792432077434 11.401966959082273 13.876921697024791 7.96141723348936 13.876921697024791 7.96141723348936 1
10 10.782216641122723 11.392935267071119 12.635139225862858 9.387094794114462 13.4311040077612 9.097387305979275 1
5 10.794910129562648 11.267406044542769 18.187162856380294 10.281002177491498 19.039499599318077 10.281002177491498 1
17 10.826003148281583 11.477628345049181 11.240372130209533 10.05279755401208 11.947689290757783 10.05279755401208 1
4 10.850896015739124 11.34855773077432 19.913681692491526 9.523378257905874 20.815712712905473 9.523378257905874 1
6 10.888922695462812 11.544480363929237 13.055518909769178 8.239804996174012 13.055518909769178 8.239804996174012 1
18 10.905419045545766 11.430689997823055 13.895630103326582 9.770155026047467 14.705190879861016 9.770155026047467 1
11 10.941018156497123 11.495808585786445 15.293638356236352 9.209468590883736 16.1462784503791 8.899132976073842 1
19 10.985592903854785 11.466756217666367 22.17354583290355 9.702164755189571 23.07067050789278 9.702164755189571 1
13 10.986890230419968 11.575050798776633 16.049642251714296 10.051055870793334 16.745240266063288 10.304232843031041 1
9 10.992263851659983 11.580722954529982 10.62148582184071 10.959881461729946 11.35885939492972 10.959881461729946 1
15 10.99529846917697 11.49983649151873 14.295077747067436 9.990467838739432 15.11266650875061 9.692889865616193 1
16 11.025357641344256 11.58458699088869 13.419925500908702 10.633319908508167 13.419925500908702 10.633319908508167 1
12 11.045248965240722 11.671440080843118 12.539836920779424 7.668867083481272 13.104453285882295 7.195097699766796 1
1 11.079801480920572 11.747289073478107 11.143907163047782 8.498263781669863 11.758310173357868 7.982718442324458 1
14 11.085791467777238 11.648201545028671 17.63661491140938 9.235487996846725 18.419873296590048 9.235487996846725 1
8 11.146164485954813 11.683472710252554 14.277451736924684 9.369457258788806 13.863501896267955 10.086439414591302 1
2 11.167007058622664 11.615632352731941 13.970441055577709 8.695735866334491 13.970441055577709 8.695735866334491 1
3 11.212161997996223 11.752770097896034 16.69840227768726 9.013708512086138 17.52702293505913 8.712115257304685 1
5 11.267406044542769 11.73990195952289 19.039499599318077 10.281002177491498 19.89183634225586 10.281002177491498 1
4 11.34855773077432 11.846219445809517 20.815712712905473 9.523378257905874 21.71774373331942 9.523378257905874 1
10 11.392935267071119 12.003653893019514 13.4311040077612 9.097387305979275 13.4311040077612 9.097387305979275 1
7 11.401966959082273 12.049141486087112 13.876921697024791 7.96141723348936 13.876921697024791 7.96141723348936 1
18 11.430689997823055 11.955960950100344 14.705190879861016 9.770155026047467 15.51475165639545 9.770155026047467 1
19 11.466756217666367 11.947919531477948 23.07067050789278 9.702164755189571 23.967795182882007 9.702164755189571 1
17 11.477628345049181 12.12925354181678 11.947689290757783 10.05279755401208 12.612350007080215 9.810880837384662 1
11 11.495808585786445 12.050599015075768 16.1462784503791 8.899132976073842 16.99891854452185 9.209468590883734 1
20 11.498622868663325 12.29138164499642 12.271275948074921 8.709244135450813 12.271275948074921 8.709244135450813 1
15 11.49983649151873 12.00437451386049 15.11266650875061 9.692889865616193 15.930255270433785 9.395311892492954 1
6 11.544480363929237 12.200038032395662 13.055518909769178 8.239804996174012 13.055518909769178 8.239804996174012 1
13 11.575050798776633 12.163211367133298 16.745240266063288 10.304232843031041 17.485480211511867 10.304232843031041 1
9 11.580722954529982 12.169182057399981 11.35885939492972 10.959881461729946 12.096232968018729 10.959881461729946 1
16 11.58458699088869 12.143816340433125 13.419925500908702 10.633319908508167 13.82522967271933 11.3353273266038 1
2 11.615632352731941 12.064257646841218 13.970441055577709 8.695735866334491 14.355052254471065 9.361902003977765 1
14 11.648201545028671 12.210611622280105 18.419873296590048 9.235487996846725 19.203131681770714 9.235487996846725 1
12 11.671440080843118 12.297631196445513 13.104453285882295 7.195097699766796 13.841507604563878 7.195097699766796 1
8 11.683472710252554 12.220780934550294 13.863501896267955 10.086439414591302 13.863501896267955 10.086439414591302 1
5 11.73990195952289 12.21239787450301 19.89183634225586 10.281002177491498 20.744173085193644 10.281002177491498 1
1 11.747289073478107 12.414776666035642 11.758310173357868 7.982718442324458 12.372713183667955 7.467173102979054 1
3 11.752770097896034 12.293378197795846 17.52702293505913 8.712115257304685 18.355643592430997 8.410522002523232 1
4 11.846219445809517 12.343881160844713 21.71774373331942 9.523378257905874 22.619774753733367 9.523378257905874 1
19 11.947919531477948 12.42908284528953 23.967795182882007 9.702164755189571 24.864919857871236 9.702164755189571 1
18 11.955960950100344 12.481231902377633 15.51475165639545 9.770155026047467 16.134911190626738 10.290530662492014 1
10 12.003653893019514 12.61437251896791 13.4311040077612 9.097387305979275 13.4311040077612 9.097387305979275 1
15 12.00437451386049 12.508912536202251 15.930255270433785 9.395311892492954 16.365285164038454 8.641818013958382 1
7 12.049141486087112 12.696316013091952 13.876921697024791 7.96141723348936 14.011095660113277 8.722355591019147 1
11 12.050599015075768 12.605389444365091 16.99891854452185 9.209468590883734 17.90627918063033 9.209468590883734 1
2 12.064257646841218 12.512882940950496 14.355052254471065 9.361902003977765 15.077884865414482 9.62499155871809 1
17 12.12925354181678 12.780878738584379 12.612350007080215 9.810880837384662 13.154186387440896 10.265535544303743 1
16 12.143816340433125 12.703045689977559 13.82522967271933 11.3353273266038 13.82522967271933 11.3353273266038 1
13 12.163211367133298 12.751371935489964 17.485480211511867 10.304232843031041 18.225720156960445 10.304232843031041 1
9 12.169182057399981 12.75764116026998 12.096232968018729 10.959881461729946 12.78913747341301 11.21207807688241 1
6 12.200038032395662 12.855595700862088 13.055518909769178 8.239804996174012 13.744014203184559 7.989213202938438 1
14 12.210611622280105 12.773021699531538 19.203131681770714 9.235487996846725 19.98639006695138 9.235487996846725 1
5 12.21239787450301 12.68489378948313 20.744173085193644 10.281002177491498 21.596509828131428 10.281002177491498 1
8 12.220780934550294 12.758089158848035 13.863501896267955 10.086439414591302 14.497709846598102 9.554275757379576 1
20 12.29138164499642 13.084140421329515 12.271275948074921 8.709244135450813 12.96397563609669 8.457122067725404 1
3 12.293378197795846 12.833986297695658 18.355643592430997 8.410522002523232 19.237443277820518 8.410522002523232 1
12 12.297631196445513 12.923822312047909 13.841507604563878 7.195097699766796 13.841507604563878 7.195097699766796 1
4 12.343881160844713 12.84154287587991 22.619774753733367 9.523378257905874 23.521805774147314 9.523378257905874 1
1 12.414776666035642 13.082264258593177 12.372713183667955 7.467173102979054 12.372713183667955 7.467173102979054 1
19 12.42908284528953 12.910246159101112 24.864919857871236 9.702164755189571 25.762044532860465 9.702164755189571 1
18 12.481231902377633 13.006502854654922 16.134911190626738 10.290530662492014 16.94447196716117 10.290530662492014 1
15 12.508912536202251 13.013450558544012 16.365285164038454 8.641818013958382 17.18287392572163 8.344240040835142 1
2 12.512882940950496 12.961508235059773 15.077884865414482 9.62499155871809 15.847107263201197 9.62499155871809 1
11 12.605389444365091 13.160179873654414 17.90627918063033 9.209468590883734 18.813639816738814 9.209468590883734 1
10 12.61437251896791 13.225091144916306 13.4311040077612 9.097387305979275 13.854628022046125 9.830952416946294 1
5 12.68489378948313 13.15738970446325 21.596509828131428 10.281002177491498 22.44884657106921 10.281002177491498 1
7 12.696316013091952 13.343490540096791 14.011095660113277 8.722355591019147 14.011095660113277 8.722355591019147 1
16 12.703045689977559 13.262275039521993 13.82522967271933 11.3353273266038 13.965990334390769 10.537033945149204 1
13 12.751371935489964 13.339532503846629 18.225720156960445 10.304232843031041 18.965960102409024 10.304232843031041 1
9 12.75764116026998 13.346100263139979 12.78913747341301 11.21207807688241 13.482041978807292 11.464274692034873 1
8 12.758089158848035 13.295397383145776 14.497709846598102 9.554275757379576 15.325609527911562 9.554275757379576 1
14 12.773021699531538 13.335431776782972 19.98639006695138 9.235487996846725 20.769648452132046 9.235487996846725 1
17 12.780878738584379 13.432503935351978 13.154186387440896 10.265535544303743 13.031362051479146 9.568964120757245 1
3 12.833986297695658 13.37459439759547 19.237443277820518 8.410522002523232 20.119242963210038 8.410522002523232 1
4 12.84154287587991 13.339204590915106 23.521805774147314 9.523378257905874 24.42383679456126 9.523378257905874 1
6 12.855595700862088 13.511153369328513 13.744014203184559 7.989213202938438 13.744014203184559 7.989213202938438 1
19 12.910246159101112 13.391409472912693 25.762044532860465 9.702164755189571 25.91782859781238 8.818669419841621 1
12 12.923822312047909 13.550013427650304 13.841507604563878 7.195097699766796 13.841507604563878 7.195097699766796 1
2 12.961508235059773 13.41013352916905 15.847107263201197 9.62499155871809 16.569939874144616 9.361902003977763 1
18 13.006502854654922 13.531773806932211 16.94447196716117 10.290530662492014 17.754032743695603 10.290530662492014 1
15 13.013450558544012 13.517988580885772 17.18287392572163 8.344240040835142 18.05293371293097 8.344240040835142 1
1 13.082264258593177 13.749751851150712 12.372713183667955 7.467173102979054 12.372713183667955 7.467173102979054 1
20 13.084140421329515 13.87689919766261 12.96397563609669 8.457122067725404 12.96397563609669 8.457122067725404 1
5 13.15738970446325 13.629885619443371 22.44884657106921 10.281002177491498 23.301183314006995 10.281002177491498 1
11 13.160179873654414 13.714970302943737 18.813639816738814 9.209468590883734 19.666279910881563 9.519804205693626 1
10 13.225091144916306 13.835809770864701 13.854628022046125 9.830952416946294 14.650592803944466 9.541244928811107 1
16 13.262275039521993 13.821504389066428 13.965990334390769 10.537033945149204 13.965990334390769 10.537033945149204 1
8 13.295397383145776 13.832705607443517 15.325609527911562 9.554275757379576 16.103580749192822 9.837434125041682 1
14 13.335431776782972 13.897841854034406 20.769648452132046 9.235487996846725 21.55290683731271 9.235487996846725 1
4 13.339204590915106 13.836866305950302 24.42383679456126 9.523378257905874 25.325867814975208 9.523378257905874 1
13 13.339532503846629 13.927693072203294 18.965960102409024 10.304232843031041 19.661558116758016 10.557409815268748 1
7 13.343490540096791 13.99066506710163 14.011095660113277 8.722355591019147 13.876921697024791 9.483293948548933 1
9 13.346100263139979 13.934559366009978 13.482041978807292 11.464274692034873 13.113355192262787 10.82569044566049 1
3 13.37459439759547 13.915202497495281 20.119242963210038 8.410522002523232 20.947863620581906 8.108928747741778 1
2 13.41013352916905 13.858758823278327 16.569939874144616 9.361902003977763 17.33916227193133 9.361902003977763 1
17 13.432503935351978 14.084129132119577 13.031362051479146 9.568964120757245 13.031362051479146 9.568964120757245 1
6 13.511153369328513 14.166711037794938 13.744014203184559 7.989213202938438 13.871242990970345 8.710763514039966 1
15 13.517988580885772 14.022526603227533 18.05293371293097 8.344240040835142 18.922993500140308 8.344240040835142 1
18 13.531773806932211 14.0570447592095 17.754032743695603 10.290530662492014 18.563593520230036 10.290530662492014 1
12 13.550013427650304 14.1762045432527 13.841507604563878 7.195097699766796 13.969495743844476 7.92095450719555 1
5 13.629885619443371 14.102381534423492 23.301183314006995 10.281002177491498 24.153520056944778 10.281002177491498 1
11 13.714970302943737 14.26976073223306 19.666279910881563 9.519804205693626 20.573640546990045 9.519804205693626 1
1 13.749751851150712 14.417239443708247 12.372713183667955 7.467173102979054 13.174759351914437 7.467173102979054 1
16 13.821504389066428 14.380733738610862 13.965990334390769 10.537033945149204 13.965990334390769 10.537033945149204 1
8 13.832705607443517 14.370013831741257 16.103580749192822 9.837434125041682 16.73778869952297 10.369597782253408 1
10 13.835809770864701 14.446528396813097 14.650592803944466 9.541244928811107 15.49764083251432 9.541244928811107 1
4 13.836866305950302 14.334528020985498 25.325867814975208 9.523378257905874 26.01686366568425 10.103192621380863 1
2 13.858758823278327 14.307384117387604 17.33916227193133 9.361902003977763 18.108384669718042 9.361902003977763 1
20 13.87689919766261 14.669657973995704 12.96397563609669 8.457122067725404 12.96397563609669 8.457122067725404 1
14 13.897841854034406 14.460251931285839 21.55290683731271 9.235487996846725 22.336165222493378 9.235487996846725 1
3 13.915202497495281 14.455810597395093 20.947863620581906 8.108928747741778 21.829663305971426 8.108928747741778 1
13 13.927693072203294 14.515853640559959 19.661558116758016 10.557409815268748 20.401798062206595 10.557409815268748 1
9 13.934559366009978 14.523018468879977 13.113355192262787 10.82569044566049 13.67821612043041 11.299665042152396 1
7 13.99066506710163 14.63783959410647 13.876921697024791 9.483293948548933 14.649598755265167 9.483293948548933 1
15 14.022526603227533 14.527064625569293 18.922993500140308 8.344240040835142 19.793053287349647 8.344240040835142 1
18 14.0570447592095 14.582315711486789 18.563593520230036 10.290530662492014 19.37315429676447 10.290530662492014 1
17 14.084129132119577 14.735754328887175 13.031362051479146 9.568964120757245 13.738679212027396 9.568964120757245 1
5 14.102381534423492 14.574877449403612 24.153520056944778 10.281002177491498 25.00585679988256 10.281002177491498 1
6 14.166711037794938 14.822268706261363 13.871242990970345 8.710763514039966 13.871242990970345 8.710763514039966 1
12 14.1762045432527 14.802395658855096 13.969495743844476 7.92095450719555 13.969495743844476 7.92095450719555 1
11 14.26976073223306 14.824551161522383 20.573640546990045 9.519804205693626 21.426280641132795 9.830139820503518 1
2 14.307384117387604 14.756009411496882 18.108384669718042 9.361902003977763 18.877607067504755 9.361902003977763 1
8 14.370013831741257 14.907322056038998 16.73778869952297 10.369597782253408 17.565688380836427 10.369597782253408 1
16 14.380733738610862 14.939963088155297 13.965990334390769 10.537033945149204 13.965990334390769 10.537033945149204 1
1 14.417239443708247 15.084727036265782 13.174759351914437 7.467173102979054 13.174759351914437 7.467173102979054 1
10 14.446528396813097 15.057247022761493 15.49764083251432 9.541244928811107 16.344688861084173 9.541244928811107 1
3 14.455810597395093 14.996418697294905 21.829663305971426 8.108928747741778 22.711462991360946 8.108928747741778 1
14 14.460251931285839 15.022662008537273 22.336165222493378 9.235487996846725 23.119423607674044 9.235487996846725 1
13 14.515853640559959 15.104014208916624 20.401798062206595 10.557409815268748 21.097396076555587 10.810586787506455 1
9 14.523018468879977 15.111477571749976 13.67821612043041 11.299665042152396 13.67821612043041 11.299665042152396 1
15 14.527064625569293 15.031602647911054 19.793053287349647 8.344240040835142 20.663113074558986 8.344240040835142 1
5 14.574877449403612 15.047373364383732 25.00585679988256 10.281002177491498 25.858193542820345 10.281002177491498 1
18 14.582315711486789 15.107586663764078 19.37315429676447 10.290530662492014 20.1827150732989 10.290530662492014 1
7 14.63783959410647 15.28501412111131 14.649598755265167 9.483293948548933 15.422275813505543 9.483293948548933 1
20 14.669657973995704 15.4624167503288 12.96397563609669 8.457122067725404 12.83596990759067 9.183078628608515 1
17 14.735754328887175 15.387379525654774 13.738679212027396 9.568964120757245 14.445996372575646 9.568964120757245 1
2 14.756009411496882 15.204634705606159 18.877607067504755 9.361902003977763 19.646829465291468 9.361902003977763 1
12 14.802395658855096 15.428586774457491 13.969495743844476 7.92095450719555 13.969495743844476 7.92095450719555 1
6 14.822268706261363 15.477826374727789 13.871242990970345 8.710763514039966 13.871242990970345 8.710763514039966 1
11 14.824551161522383 15.379341590811705 21.426280641132795 9.830139820503518 22.278920735275545 10.14047543531341 1
8 14.907322056038998 15.444630280336739 17.565688380836427 10.369597782253408 18.393588062149885 10.369597782253408 1
16 14.939963088155297 15.499192437699731 13.965990334390769 10.537033945149204 13.965990334390769 10.537033945149204 1
3 14.996418697294905 15.537026797194716 22.711462991360946 8.108928747741778 23.593262676750467 8.108928747741778 1
14 15.022662008537273 15.585072085788706 23.119423607674044 9.235487996846725 23.90268199285471 9.235487996846725 1
15 15.031602647911054 15.536140670252815 20.663113074558986 8.344240040835142 21.533172861768325 8.344240040835142 1
10 15.057247022761493 15.667965648709888 16.344688861084173 9.541244928811107 17.191736889654024 9.541244928811107 1
1 15.084727036265782 15.752214628823317 13.174759351914437 7.467173102979054 13.035485496393692 8.257034387741925 1
13 15.104014208916624 15.692174777273289 21.097396076555587 10.810586787506455 21.79299409090458 11.063763759744162 1
18 15.107586663764078 15.632857616041367 20.1827150732989 10.290530662492014 20.992275849833334 10.290530662492014 1
9 15.111477571749976 15.699936674619975 13.67821612043041 11.299665042152396 13.67821612043041 11.299665042152396 1
2 15.204634705606159 15.653259999715436 19.646829465291468 9.361902003977763 20.41605186307818 9.361902003977763 1
7 15.28501412111131 15.93218864811615 15.422275813505543 9.483293948548933 16.19495287174592 9.483293948548933 1
11 15.379341590811705 15.934132020101028 22.278920735275545 10.14047543531341 23.186281371384027 10.14047543531341 1
17 15.387379525654774 16.039004722422373 14.445996372575646 9.568964120757245 15.153313533123896 9.568964120757245 1
12 15.428586774457491 16.054777890059885 13.969495743844476 7.92095450719555 13.969495743844476 7.92095450719555 1
8 15.444630280336739 15.98193850463448 18.393588062149885 10.369597782253408 19.221487743463342 10.369597782253408 1
20 15.4624167503288 16.255175526661894 12.83596990759067 9.183078628608515 13.400663867106418 9.656913121766216 1
6 15.477826374727789 16.133384043194216 13.871242990970345 8.710763514039966 14.237583684823809 9.345284208674203 1
16 15.499192437699731 16.058421787244168 13.965990334390769 10.537033945149204 13.965990334390769 10.537033945149204 1
15 15.536140670252815 16.040678692594575 21.533172861768325 8.344240040835142 22.403232648977664 8.344240040835142 1
3 15.537026797194716 16.077634897094526 23.593262676750467 8.108928747741778 24.475062362139987 8.108928747741778 1
14 15.585072085788706 16.147482163040138 23.90268199285471 9.235487996846725 24.685940378035376 9.235487996846725 1
18 15.632857616041367 16.158128568318656 20.992275849833334 10.290530662492014 21.75301413762045 10.013644569670866 1
2 15.653259999715436 16.101885293824715 20.41605186307818 9.361902003977763 21.138884474021598 9.098812449237435 1
10 15.667965648709888 16.278684274658282 17.191736889654024 9.541244928811107 18.038784918223875 9.541244928811107 1
13 15.692174777273289 16.280335345629954 21.79299409090458 11.063763759744162 22.533234036353157 11.063763759744162 1
9 15.699936674619975 16.288395777489974 13.67821612043041 11.299665042152396 13.67821612043041 11.299665042152396 1
1 15.752214628823317 16.419702221380852 13.035485496393692 8.257034387741925 13.649888506703778 8.77257972708733 1
7 15.93218864811615 16.57936317512099 16.19495287174592 9.483293948548933 16.967629929986295 9.483293948548933 1
11 15.934132020101028 16.48892244939035 23.186281371384027 10.14047543531341 24.09364200749251 10.14047543531341 1
8 15.98193850463448 16.51924672893222 19.221487743463342 10.369597782253408 20.0493874247768 10.369597782253408 1
17 16.039004722422373 16.690629919189973 15.153313533123896 9.568964120757245 15.860630693672146 9.568964120757245 1
15 16.040678692594575 16.545216714936334 22.403232648977664 8.344240040835142 23.273292436187003 8.344240040835142 1
12 16.054777890059885 16.68096900566228 13.969495743844476 7.92095450719555 13.969495743844476 7.92095450719555 1
16 16.058421787244168 16.617651136788602 13.965990334390769 10.537033945149204 13.965990334390769 10.537033945149204 1
3 16.077634897094526 16.618242996994336 24.475062362139987 8.108928747741778 25.356862047529507 8.108928747741778 1
2 16.101885293824715 16.550510587933992 21.138884474021598 9.098812449237435 21.861717084965015 8.835722894497108 1
6 16.133384043194216 16.78894171166064 14.237583684823809 9.345284208674203 14.92607897823919 9.595876001909776 1
14 16.147482163040138 16.709892240291573 24.685940378035376 9.235487996846725 25.469198763216042 9.235487996846725 1
18 16.158128568318656 16.683399520595945 21.75301413762045 10.013644569670866 22.562574914154883 10.013644569670866 1
20 16.255175526661894 17.04793430299499 13.400663867106418 9.656913121766216 14.137819478100182 9.656913121766216 1
10 16.278684274658282 16.889402900606676 18.038784918223875 9.541244928811107 18.885832946793727 9.541244928811107 1
13 16.280335345629954 16.868495913986617 22.533234036353157 11.063763759744162 23.273473981801736 11.063763759744162 1
9 16.288395777489974 16.87685488035997 13.67821612043041 11.299665042152396 13.67821612043041 11.299665042152396 1
1 16.419702221380852 17.087189813938387 13.649888506703778 8.77257972708733 13.649888506703778 8.77257972708733 1
11 16.48892244939035 17.043712878679674 24.09364200749251 10.14047543531341 24.94628210163526 10.450811050123303 1
8 16.51924672893222 17.05655495322996 20.0493874247768 10.369597782253408 20.877287106090257 10.369597782253408 1
15 16.545216714936334 17.049754737278093 23.273292436187003 8.344240040835142 24.14335222339634 8.344240040835142 1
2 16.550510587933992 16.99913588204327 21.861717084965015 8.835722894497108 22.630939482751728 8.835722894497108 1
7 16.57936317512099 17.226537702125828 16.967629929986295 9.483293948548933 17.74030698822667 9.483293948548933 1
16 16.617651136788602 17.176880486333037 13.965990334390769 10.537033945149204 13.965990334390769 10.537033945149204 1
3 16.618242996994336 17.158851096894146 25.356862047529507 8.108928747741778 26.238661732919027 8.108928747741778 1
12 16.68096900566228 17.307160121264676 13.969495743844476 7.92095450719555 13.969495743844476 7.92095450719555 1
18 16.683399520595945 17.208670472873234 22.562574914154883 10.013644569670866 23.372135690689316 10.013644569670866 1
17 16.690629919189973 17.342255115957574 15.860630693672146 9.568964120757245 16.567947854220396 9.568964120757245 1
14 16.709892240291573 17.27230231754301 25.469198763216042 9.235487996846725 26.205220887939 9.503378142007248 1
6 16.78894171166064 17.444499380127066 14.92607897823919 9.595876001909776 15.658760365946119 9.595876001909776 1
13 16.868495913986617 17.45665648234328 23.273473981801736 11.063763759744162 24.013713927250315 11.063763759744162 1
9 16.87685488035997 17.46531398322997 13.67821612043041 11.299665042152396 13.67821612043041 11.299665042152396 1
10 16.889402900606676 17.50012152655507 18.885832946793727 9.541244928811107 19.732880975363578 9.541244928811107 1
2 16.99913588204327 17.447761176152547 22.630939482751728 8.835722894497108 23.40016188053844 8.835722894497108 1
11 17.043712878679674 17.598503307968997 24.94628210163526 10.450811050123303 25.85364273774374 10.450811050123303 1
20 17.04793430299499 17.840693079328084 14.137819478100182 9.656913121766216 14.874975089093946 9.656913121766216 1
15 17.049754737278093 17.55429275961985 24.14335222339634 8.344240040835142 25.01341201060568 8.344240040835142 1
8 17.05655495322996 17.593863177527698 20.877287106090257 10.369597782253408 21.705186787403715 10.369597782253408 1
1 17.087189813938387 17.754677406495922 13.649888506703778 8.77257972708733 14.05091159082702 9.467172083796752 1
16 17.176880486333037 17.73610983587747 13.965990334390769 10.537033945149204 13.965990334390769 10.537033945149204 1
18 17.208670472873234 17.733941425150523 23.372135690689316 10.013644569670866 24.181696467223748 10.013644569670866 1
7 17.226537702125828 17.873712229130668 17.74030698822667 9.483293948548933 18.512984046467047 9.483293948548933 1
12 17.307160121264676 17.93335123686707 13.969495743844476 7.92095450719555 13.841507604563878 8.646811314624303 1
17 17.342255115957574 17.993880312725175 16.567947854220396 9.568964120757245 17.275265014768646 9.568964120757245 1
6 17.444499380127066 18.10005704859349 15.658760365946119 9.595876001909776 16.3472556593615 9.84646779514535 1
2 17.447761176152547 17.896386470261824 23.40016188053844 8.835722894497108 24.169384278325154 8.835722894497108 1
13 17.45665648234328 18.044817050699944 24.013713927250315 11.063763759744162 24.753953872698894 11.063763759744162 1
9 17.46531398322997 18.053773086099966 13.67821612043041 11.299665042152396 13.67821612043041 11.299665042152396 1
10 17.50012152655507 18.110840152503464 19.732880975363578 9.541244928811107 20.57992900393343 9.541244928811107 1
15 17.55429275961985 18.05883078196161 25.01341201060568 8.344240040835142 25.88347179781502 8.344240040835142 1
8 17.593863177527698 18.131171401825437 21.705186787403715 10.369597782253408 22.533086468717173 10.369597782253408 1
18 17.733941425150523 18.25921237742781 24.181696467223748 10.013644569670866 24.99125724375818 10.013644569670866 1
16 17.73610983587747 18.295339185421906 13.965990334390769 10.537033945149204 13.965990334390769 10.537033945149204 1
1 17.754677406495922 18.422164999053457 14.05091159082702 9.467172083796752 14.05091159082702 9.467172083796752 1
20 17.840693079328084 18.63345185566118 14.874975089093946 9.656913121766216 15.61213070008771 9.656913121766216 1
7 17.873712229130668 18.520886756135507 18.512984046467047 9.483293948548933 19.285661104707422 9.483293948548933 1
2 17.896386470261824 18.3450117643711 24.169384278325154 8.835722894497108 24.938606676111867 8.835722894497108 1
12 17.93335123686707 18.559542352469467 13.841507604563878 8.646811314624303 13.841507604563878 8.646811314624303 1
17 17.993880312725175 18.645505509492775 17.275265014768646 9.568964120757245 17.982582175316896 9.568964120757245 1
13 18.044817050699944 18.632977619056607 24.753953872698894 11.063763759744162 25.494193818147473 11.063763759744162 1
9 18.053773086099966 18.642232188969963 13.67821612043041 11.299665042152396 13.67821612043041 11.299665042152396 1
6 18.10005704859349 18.755614717059917 16.3472556593615 9.84646779514535 17.035750952776883 10.097059588380922 1
10 18.110840152503464 18.721558778451858 20.57992900393343 9.541244928811107 21.42697703250328 9.541244928811107 1
8 18.131171401825437 18.668479626123176 22.533086468717173 10.369597782253408 23.36098615003063 10.369597782253408 1
18 18.25921237742781 18.7844833297051 24.99125724375818 10.013644569670866 25.800818020292613 10.013644569670866 1
16 18.295339185421906 18.85456853496634 13.965990334390769 10.537033945149204 13.965990334390769 10.537033945149204 1
2 18.3450117643711 18.79363705848038 24.938606676111867 8.835722894497108 25.70782907389858 8.835722894497108 1
1 18.422164999053457 19.089652591610992 14.05091159082702 9.467172083796752 14.852957759073503 9.467172083796752 1
7 18.520886756135507 19.168061283140347 19.285661104707422 9.483293948548933 20.0583381629478 9.483293948548933 1
12 18.559542352469467 19.185733468071863 13.841507604563878 8.646811314624303 13.969495743844476 9.372668122053057 1
13 18.632977619056607 19.22113818741327 25.494193818147473 11.063763759744162 26.189791832496464 10.810586787506454 1
20 18.63345185566118 19.426210631994273 15.61213070008771 9.656913121766216 16.304830388109476 9.404791054040807 1
9 18.642232188969963 19.23069129183996 13.67821612043041 11.299665042152396 13.67821612043041 11.299665042152396 1
17 18.645505509492775 19.297130706260376 17.982582175316896 9.568964120757245 18.689899335865146 9.568964120757245 1
8 18.668479626123176 19.205787850420915 23.36098615003063 10.369597782253408 24.188885831344088 10.369597782253408 1
10 18.721558778451858 19.33227740440025 21.42697703250328 9.541244928811107 22.274025061073132 9.541244928811107 1
6 18.755614717059917 19.411172385526342 17.035750952776883 10.097059588380922 17.768432340483812 10.097059588380922 1
2 18.79363705848038 19.242262352589655 25.70782907389858 8.835722894497108 26.297087617245747 8.341276268106437 1
16 18.85456853496634 19.413797884510775 13.965990334390769 10.537033945149204 13.965990334390769 10.537033945149204 1
1 19.089652591610992 19.757140184168527 14.852957759073503 9.467172083796752 15.606634624904336 9.741488029214217 1
7 19.168061283140347 19.815235810145186 20.0583381629478 9.483293948548933 20.831015221188174 9.483293948548933 1
12 19.185733468071863 19.81192458367426 13.969495743844476 9.372668122053057 14.662100248227945 9.624755545767334 1
8 19.205787850420915 19.743096074718654 24.188885831344088 10.369597782253408 25.016785512657545 10.369597782253408 1
9 19.23069129183996 19.819150394709958 13.67821612043041 11.299665042152396 13.67821612043041 11.299665042152396 1
17 19.297130706260376 19.948755903027976 18.689899335865146 9.568964120757245 19.397216496413396 9.568964120757245 1
10 19.33227740440025 19.942996030348645 22.274025061073132 9.541244928811107 23.121073089642984 9.541244928811107 1
6 19.411172385526342 20.066730053992767 17.768432340483812 10.097059588380922 18.456927633899195 10.347651381616496 1
16 19.413797884510775 19.97302723405521 13.965990334390769 10.537033945149204 13.82522967271933 9.73874056369461 1
20 19.426210631994273 20.218969408327368 16.304830388109476 9.404791054040807 17.04198599910324 9.404791054040807 1
8 19.743096074718654 20.280404299016393 25.016785512657545 10.369597782253408 25.844685193971003 10.369597782253408 1
1 19.757140184168527 20.424627776726062 15.606634624904336 9.741488029214217 16.36031149073517 10.015803974631682 1
12 19.81192458367426 20.438115699276654 14.662100248227945 9.624755545767334 15.399154566909528 9.624755545767334 1
7 19.815235810145186 20.462410337150025 20.831015221188174 9.483293948548933 21.60369227942855 9.483293948548933 1
9 19.819150394709958 20.407609497579955 13.67821612043041 11.299665042152396 13.806259697657069 10.573493830508026 1
10 19.942996030348645 20.55371465629704 23.121073089642984 9.541244928811107 23.968121118212835 9.541244928811107 1
17 19.948755903027976 20.600381099795577 19.397216496413396 9.568964120757245 20.104533656961646 9.568964120757245 1
16 19.97302723405521 20.532256583599644 13.82522967271933 9.73874056369461 14.58695235156771 9.461496181828284 1
6 20.066730053992767 20.722287722459193 18.456927633899195 10.347651381616496 19.189609021606124 10.347651381616496 1
20 20.218969408327368 21.011728184660463 17.04198599910324 9.404791054040807 17.779141610097003 9.404791054040807 1
9 20.407609497579955 20.996068600449952 13.806259697657069 10.573493830508026 13.806259697657069 10.573493830508026 1
1 20.424627776726062 21.092115369283597 16.36031149073517 10.015803974631682 17.113988356566004 10.290119920049147 1
12 20.438115699276654 21.06430681487905 15.399154566909528 9.624755545767334 16.136208885591113 9.624755545767334 1
7 20.462410337150025 21.109584864154865 21.60369227942855 9.483293948548933 22.376369337668926 9.483293948548933 1
16 20.532256583599644 21.091485933144078 14.58695235156771 9.461496181828284 15.397560695188965 9.461496181828284 1
10 20.55371465629704 21.164433282245433 23.968121118212835 9.541244928811107 24.815169146782686 9.541244928811107 1
17 20.600381099795577 21.252006296563177 20.104533656961646 9.568964120757245 20.811850817509896 9.568964120757245 1
6 20.722287722459193 21.377845390925618 19.189609021606124 10.347651381616496 19.922290409313053 10.347651381616496 1
9 20.996068600449952 21.58452770331995 13.806259697657069 10.573493830508026 13.934303274883728 9.847322618863656 1
20 21.011728184660463 21.804486960993557 17.779141610097003 9.404791054040807 18.516297221090767 9.404791054040807 1
12 21.06430681487905 21.690497930481445 16.136208885591113 9.624755545767334 16.82881338997458 9.372668122053055 1
16 21.091485933144078 21.650715282688513 15.397560695188965 9.461496181828284 16.159283374037347 9.73874056369461 1
1 21.092115369283597 21.759602961841132 17.113988356566004 10.290119920049147 17.91603452481249 10.290119920049147 1
7 21.109584864154865 21.756759391159704 22.376369337668926 9.483293948548933 23.149046395909302 9.483293948548933 1
10 21.164433282245433 21.775151908193827 24.815169146782686 9.541244928811107 25.662217175352538 9.541244928811107 1
17 21.252006296563177 21.903631493330778 20.811850817509896 9.568964120757245 21.519167978058146 9.568964120757245 1
6 21.377845390925618 22.033403059392043 19.922290409313053 10.347651381616496 20.654971797019982 10.347651381616496 1
9 21.58452770331995 22.172986806189947 13.934303274883728 9.847322618863656 14.62720778027801 9.595126003711192 1
16 21.650715282688513 22.209944632232947 16.159283374037347 9.73874056369461 16.780245391214287 10.25978956328288 1
12 21.690497930481445 22.31668904608384 16.82881338997458 9.372668122053055 17.52141789435805 9.120580698338776 1
7 21.756759391159704 22.403933918164544 23.149046395909302 9.483293948548933 23.921723454149678 9.483293948548933 1
1 21.759602961841132 22.427090554398667 17.91603452481249 10.290119920049147 18.66971139064332 10.564435865466612 1
10 21.775151908193827 22.38587053414222 25.662217175352538 9.541244928811107 26.31109361069336 8.996772951236995 1
20 21.804486960993557 22.597245737326652 18.516297221090767 9.404791054040807 19.25345283208453 9.404791054040807 1
17 21.903631493330778 22.55525669009838 21.519167978058146 9.568964120757245 22.226485138606396 9.568964120757245 1
6 22.033403059392043 22.68896072785847 20.654971797019982 10.347651381616496 21.38765318472691 10.347651381616496 1
9 22.172986806189947 22.761445909059944 14.62720778027801 9.595126003711192 15.364581353367019 9.595126003711192 1
16 22.209944632232947 22.76917398177738 16.780245391214287 10.25978956328288 17.59085373483554 10.25978956328288 1
12 22.31668904608384 22.942880161686237 17.52141789435805 9.120580698338776 18.25847221303963 9.120580698338776 1
7 22.403933918164544 23.051108445169383 23.921723454149678 9.483293948548933 24.694400512390054 9.483293948548933 1
1 22.427090554398667 23.094578146956202 18.66971139064332 10.564435865466612 19.471757558889806 10.564435865466612 1
17 22.55525669009838 23.20688188686598 22.226485138606396 9.568964120757245 22.933802299154646 9.568964120757245 1
20 22.597245737326652 23.390004513659747 19.25345283208453 9.404791054040807 19.990608443078294 9.404791054040807 1
6 22.68896072785847 23.344518396324894 21.38765318472691 10.347651381616496 22.12033457243384 10.347651381616496 1
9 22.761445909059944 23.34990501192994 15.364581353367019 9.595126003711192 16.101954926456028 9.595126003711192 1
16 22.76917398177738 23.328403331321816 17.59085373483554 10.25978956328288 18.401462078456795 10.25978956328288 1
12 22.942880161686237 23.569071277288632 18.25847221303963 9.120580698338776 18.995526531721215 9.120580698338776 1
7 23.051108445169383 23.698282972174223 24.694400512390054 9.483293948548933 25.46707757063043 9.483293948548933 1
1 23.094578146956202 23.762065739513737 19.471757558889806 10.564435865466612 20.27380372713629 10.564435865466612 1
17 23.20688188686598 23.85850708363358 22.933802299154646 9.568964120757245 23.641119459702896 9.568964120757245 1
16 23.328403331321816 23.88763268086625 18.401462078456795 10.25978956328288 19.21207042207805 10.25978956328288 1
6 23.344518396324894 24.00007606479132 22.12033457243384 10.347651381616496 22.85301596014077 10.347651381616496 1
9 23.34990501192994 23.93836411479994 16.101954926456028 9.595126003711192 16.839328499545037 9.595126003711192 1
20 23.390004513659747 24.18276328999284 19.990608443078294 9.404791054040807 20.727764054072058 9.404791054040807 1
12 23.569071277288632 24.195262392891028 18.995526531721215 9.120580698338776 19.732580850402798 9.120580698338776 1
7 23.698282972174223 24.345457499179062 25.46707757063043 9.483293948548933 26.193156500509474 9.219022830345104 1
1 23.762065739513737 24.429553332071272 20.27380372713629 10.564435865466612 21.075849895382774 10.564435865466612 1
17 23.85850708363358 24.51013228040118 23.641119459702896 9.568964120757245 24.348436620251146 9.568964120757245 1
16 23.88763268086625 24.446862030410685 19.21207042207805 10.25978956328288 20.022678765699304 10.25978956328288 1
9 23.93836411479994 24.526823217669936 16.839328499545037 9.595126003711192 17.576702072634045 9.595126003711192 1
6 24.00007606479132 24.655633733257744 22.85301596014077 10.347651381616496 23.5856973478477 10.347651381616496 1
20 24.18276328999284 24.975522066325937 20.727764054072058 9.404791054040807 21.46491966506582 9.404791054040807 1
12 24.195262392891028 24.821453508493423 19.732580850402798 9.120580698338776 20.425185354786265 8.868493274624496 1
1 24.429553332071272 25.097040924628807 21.075849895382774 10.564435865466612 21.877896063629258 10.564435865466612 1
16 24.446862030410685 25.00609137995512 20.022678765699304 10.25978956328288 20.83328710932056 10.25978956328288 1
17 24.51013228040118 25.16175747716878 24.348436620251146 9.568964120757245 25.055753780799396 9.568964120757245 1
9 24.526823217669936 25.115282320539933 17.576702072634045 9.595126003711192 18.314075645723054 9.595126003711192 1
6 24.655633733257744 25.31119140172417 23.5856973478477 10.347651381616496 24.318378735554628 10.347651381616496 1
12 24.821453508493423 25.44764462409582 20.425185354786265 8.868493274624496 20.989801719889137 8.39472389091002 1
20 24.975522066325937 25.76828084265903 21.46491966506582 9.404791054040807 22.202075276059585 9.404791054040807 1
16 25.00609137995512 25.565320729499554 20.83328710932056 10.25978956328288 21.238591281131185 9.557782145187247 1
1 25.097040924628807 25.764528517186342 21.877896063629258 10.564435865466612 22.679942231875742 10.564435865466612 1
9 25.115282320539933 25.70374142340993 18.314075645723054 9.595126003711192 19.051449218812063 9.595126003711192 1
17 25.16175747716878 25.81338267393638 25.055753780799396 9.568964120757245 25.763070941347646 9.568964120757245 1
6 25.31119140172417 25.966749070190595 24.318378735554628 10.347651381616496 25.051060123261557 10.347651381616496 1
12 25.44764462409582 26.073835739698215 20.989801719889137 8.39472389091002 21.72685603857072 8.39472389091002 1
16 25.565320729499554 26.12455007904399 21.238591281131185 9.557782145187247 21.643895452941813 10.25978956328288 1
9 25.70374142340993 26.292200526279927 19.051449218812063 9.595126003711192 19.788822791901072 9.595126003711192 1
1 25.764528517186342 26.432016109743877 22.679942231875742 10.564435865466612 23.481988400122226 10.564435865466612 1
20 25.76828084265903 26.561039618992126 22.202075276059585 9.404791054040807 22.93923088705335 9.404791054040807 1
17 25.81338267393638 26.46500787070398 25.763070941347646 9.568964120757245 26.11672952162177 8.956409491189785 1
6 25.966749070190595 26.62230673865702 25.051060123261557 10.347651381616496 25.783741510968486 10.347651381616496 1
12 26.073835739698215 26.70002685530061 21.72685603857072 8.39472389091002 22.463910357252303 8.39472389091002 1
16 26.12455007904399 26.683779428588423 21.643895452941813 10.25978956328288 22.405618131790195 10.537033945149204 1
9 26.292200526279927 26.880659629149925 19.788822791901072 9.595126003711192 20.52619636499008 9.595126003711192 1
1 26.432016109743877 27.099503702301412 23.481988400122226 10.564435865466612 24.28403456836871 10.564435865466612 1
20 26.561039618992126 27.35379839532522 22.93923088705335 9.404791054040807 23.676386498047112 9.404791054040807 1
6 26.62230673865702 27.277864407123445 25.783741510968486 10.347651381616496 26.47223680438387 10.09705958838092 1
16 26.683779428588423 27.243008778132857 22.405618131790195 10.537033945149204 23.21622647541145 10.537033945149204 1
12 26.70002685530061 27.326217970903006 22.463910357252303 8.39472389091002 23.200964675933886 8.39472389091002 1
9 26.880659629149925 27.469118732019922 20.52619636499008 9.595126003711192 21.26356993807909 9.595126003711192 1
1 27.099503702301412 27.766991294858947 24.28403456836871 10.564435865466612 25.086080736615195 10.564435865466612 1
16 27.243008778132857 27.802238127677292 23.21622647541145 10.537033945149204 24.026834819032704 10.537033945149204 1
12 27.326217970903006 27.9524090865054 23.200964675933886 8.39472389091002 23.893569180317353 8.142636467195741 1
20 27.35379839532522 28.146557171658316 23.676386498047112 9.404791054040807 24.413542109040876 9.404791054040807 1
9 27.469118732019922 28.05757783488992 21.26356993807909 9.595126003711192 22.0009435111681 9.595126003711192 1
1 27.766991294858947 28.434478887416482 25.086080736615195 10.564435865466612 25.88812690486168 10.564435865466612 1
16 27.802238127677292 28.361467477221726 24.026834819032704 10.537033945149204 24.83744316265396 10.537033945149204 1
12 27.9524090865054 28.578600202107797 23.893569180317353 8.142636467195741 24.630623498998936 8.142636467195741 1
9 28.05757783488992 28.646036937759916 22.0009435111681 9.595126003711192 22.73831708425711 9.595126003711192 1
20 28.146557171658316 28.93931594799141 24.413542109040876 9.404791054040807 25.15069772003464 9.404791054040807 1
16 28.361467477221726 28.92069682676616 24.83744316265396 10.537033945149204 25.648051506275213 10.537033945149204 1
12 28.578600202107797 29.204791317710193 24.630623498998936 8.142636467195741 25.36767781768052 8.142636467195741 1
9 28.646036937759916 29.234496040629914 22.73831708425711 9.595126003711192 23.475690657346117 9.595126003711192 1
16 28.92069682676616 29.479926176310595 25.648051506275213 10.537033945149204 26.05335567808584 11.239041363244837 1
20 28.93931594799141 29.732074724324505 25.15069772003464 9.404791054040807 25.887853331028403 9.404791054040807 1
12 29.204791317710193 29.830982433312588 25.36767781768052 8.142636467195741 26.060282322063987 8.394723890910019 1
9 29.234496040629914 29.82295514349991 23.475690657346117 9.595126003711192 24.213064230435126 9.595126003711192 1
9 29.82295514349991 30.411414246369908 24.213064230435126 9.595126003711192 24.950437803524135 9.595126003711192 1
